1.000
1.000
0.667
1.750
1.400
2.000
1.857
1.625
2.444
2.600
2.636
2.417
2.231
2.214
2.400
2.312
2.412
2.333
2.684
2.800
2.905
2.955
3.739
3.833
3.680
3.654
3.593
3.464
3.552
3.533
3.710
3.688
3.727
4.088
4.000
4.556
4.595
4.500
4.897
4.900
4.878
4.810
4.884
5.045
5.022
5.043
5.000
4.958
4.918
5.020
4.941
5.000
4.906
4.889
4.818
4.732
4.807
4.793
4.814
4.850
4.803
4.806
4.778
4.734
5.046
5.015
5.000
4.985
5.072
5.129
5.155
5.167
5.452
5.446
5.827
6.250
6.442
6.423
6.873
6.825
7.025
7.098
7.265
7.726
7.965
7.919
7.828
8.080
8.213
8.222
8.593
8.543
8.548
8.564
8.737
8.938
8.928
8.857
8.818
9.200
9.307
9.265
10.000
10.462
10.524
10.566
10.813
10.713
10.642
11.100
11.081
11.366
11.619
11.737
12.383
12.440
12.359
12.602
12.504
12.417
12.314
12.385
13.081
13.000
13.128
13.262
13.252
13.180
13.202
13.208
13.260
13.591
13.519
13.590
13.807
13.949
14.036
14.667
14.698
14.657
14.567
14.549
14.720
14.750
14.772
14.740
14.837
14.865
15.114
15.053
14.980
14.993
15.490
15.494
15.465
15.455
15.420
15.323
15.497
15.412
15.354
15.284
15.442
15.451
15.509
15.440
15.479
15.476
15.544
15.706
15.637
15.686
16.040
15.971
16.017
16.284
16.192
16.124
16.117
16.094
16.459
16.527
16.667
16.587
16.514
16.468
16.406
16.436
16.360
16.289
16.262
16.276
16.326
16.309
16.344
16.321
16.320
16.495
16.452
16.500
16.640
16.660
16.700
17.230
17.240
17.335
17.370
17.525
17.615
17.600
17.825
17.975
18.030
18.100
18.095
18.265
18.250
18.530
18.680
18.655
18.895
18.920
18.970
19.015
19.035
19.055
19.060
19.240
19.320
19.310
19.320
19.965
19.945
19.950
19.950
19.845
19.815
19.985
20.245
20.270
20.465
20.515
20.580
20.740
20.845
20.880
20.915
21.050
21.150
21.145
21.285
21.315
21.575
21.565
21.665
21.685
21.725
21.765
22.020
21.995
22.010
22.225
22.320
22.320
22.360
22.380
22.415
22.410
22.395
22.455
22.455
22.440
22.355
22.355
22.280
22.170
22.095
22.150
21.945
22.095
22.235
22.230
22.135
21.920
21.810
21.935
21.975
21.840
21.770
21.775
21.670
21.780
22.250
22.320
22.320
22.260
22.220
22.225
22.250
22.130
22.095
22.105
21.765
21.650
21.780
21.845
21.690
21.785
22.240
22.275
22.410
22.320
22.305
22.235
21.805
21.975
22.070
22.135
22.240
22.480
22.625
22.670
22.490
22.500
22.530
22.415
22.355
22.575
22.520
22.475
22.475
22.240
22.290
22.180
22.150
22.035
21.905
21.580
21.495
21.695
21.800
21.745
21.845
21.795
21.950
21.910
21.775
21.695
21.490
21.675
21.735
21.685
21.260
21.190
21.190
21.200
21.205
21.260
21.180
21.185
21.250
21.280
21.700
22.165
22.120
22.110
22.025
22.035
22.400
22.355
22.370
22.480
22.275
22.265
22.725
22.505
22.540
22.680
22.605
22.580
22.200
22.115
21.915
22.040
22.160
22.245
22.280
22.200
22.205
22.630
22.640
22.615
22.560
22.535
22.560
22.565
22.520
22.285
22.350
22.225
22.230
22.375
22.385
21.860
21.905
21.860
21.955
21.830
21.870
21.905
21.815
21.675
21.745
21.815
22.185
22.030
22.095
21.855
21.750
21.755
21.715
21.745
21.655
21.655
21.920
21.905
21.960
21.800
21.870
21.985
22.035
21.510
21.650
21.565
21.645
21.680
21.755
21.595
21.285
21.255
21.075
21.055
20.980
20.845
20.820
20.860
20.860
20.725
20.620
20.625
20.610
20.700
20.450
20.510
20.475
20.470
20.415
20.445
20.245
20.390
20.375
20.160
20.195
20.360
20.200
20.185
20.145
20.475
20.495
20.655
20.730
20.745
20.790
20.860
20.900
20.865
20.880
20.800
20.980
21.205
20.950
21.330
21.375
21.425
21.475
21.415
21.515
21.655
21.705
21.815
21.760
21.630
21.215
21.180
21.105
21.055
21.225
21.315
21.325
21.430
21.455
21.420
21.340
21.230
21.195
21.090
21.210
21.130
20.730
20.425
20.340
20.340
20.410
20.360
20.580
20.425
20.315
20.120
20.035
19.795
19.650
19.550
19.555
19.550
19.440
19.405
19.465
19.265
19.270
19.275
19.350
19.360
19.325
19.475
19.300
19.330
19.515
19.485
19.700
19.480
19.430
19.585
19.310
19.300
19.345
19.620
19.615
19.620
19.735
19.555
19.505
19.490
19.495
19.505
19.605
19.560
19.530
19.565
19.525
19.520
19.455
19.590
18.970
18.555
18.510
18.985
18.970
18.950
18.910
18.775
18.750
18.630
18.615
18.615
18.090
18.115
18.305
18.240
18.505
18.630
18.735
18.685
19.040
19.040
19.315
19.190
19.220
19.295
19.440
19.005
18.960
19.145
19.225
19.485
19.375
19.360
19.435
19.440
19.525
19.525
19.415
19.355
19.315
19.285
19.345
19.475
19.545
19.625
19.450
19.515
19.705
20.110
20.140
20.185
19.810
19.805
19.790
19.820
19.740
19.905
19.775
19.745
19.825
19.805
19.600
19.655
19.640
19.775
19.600
19.585
19.710
19.580
19.450
19.535
19.575
19.650
19.670
19.775
20.130
20.190
20.200
20.285
20.395
20.445
20.365
20.340
20.370
20.515
20.565
20.525
20.405
20.565
20.690
20.860
20.865
20.855
21.105
21.065
21.175
21.265
21.270
21.245
21.330
21.275
21.360
21.340
21.450
21.320
21.260
21.025
21.285
21.255
21.345
21.275
21.180
21.185
21.210
21.225
21.150
20.805
20.835
20.565
20.545
20.485
20.530
20.485
20.375
20.495
20.530
20.485
20.605
20.675
20.980
21.125
21.300
21.275
21.115
21.010
21.010
20.835
20.780
20.820
21.190
21.240
21.215
21.190
21.180
21.225
21.195
21.220
21.215
21.120
20.975
21.000
20.830
20.830
20.905
20.840
20.845
21.010
21.195
21.155
20.900
20.885
21.170
21.260
21.245
21.320
21.340
21.410
21.290
21.260
21.360
21.255
21.280
21.220
21.045
20.945
20.820
20.930
20.905
20.760
20.845
20.850
20.695
20.410
20.415
20.625
20.470
20.435
20.520
20.500
20.610
20.595
20.480
20.455
20.600
20.570
20.480
20.475
20.480
20.310
20.305
20.275
20.280
19.845
19.860
19.860
19.495
19.530
20.090
20.150
20.055
20.085
20.055
20.170
20.080
20.120
19.865
19.745
19.790
20.005
20.070
20.025
19.700
19.840
20.040
19.975
19.940
19.955
19.990
19.815
19.730
19.450
19.510
19.585
19.775
19.860
19.670
19.760
19.740
19.755
19.880
19.910
19.975
19.805
20.055
20.185
20.505
20.465
20.445
20.030
19.995
19.800
19.855
20.365
20.315
20.250
20.295
20.215
20.390
20.410
20.440
20.620
20.645
20.720
20.685
20.835
20.895
20.790
20.595
20.645
20.680
20.595
20.525
20.620
20.530
20.565
20.360
20.350
20.360
20.350
20.310
20.335
20.475
20.490
20.425
20.575
20.535
20.525
20.620
20.370
20.435
20.240
20.340
20.355
20.420
20.410
20.250
20.035
20.045
20.380
20.180
20.115
20.255
20.385
20.360
20.240
20.250
20.235
19.865
20.115
20.040
20.020
20.320
20.280
20.325
20.495
20.605
20.740
20.725
20.555
20.535
20.540
20.705
20.710
20.785
20.560
20.510
20.515
20.600
20.670
20.495
20.385
20.200
20.315
20.400
20.485
20.440
20.585
20.770
20.865
20.500
20.435
20.330
20.420
20.570
20.530
20.625
20.765
20.680
20.815
20.780
21.005
21.050
20.950
20.890
20.945
21.070
20.960
20.855
20.910
20.865
20.930
20.670
20.670
20.675
20.660
20.675
20.610
21.000
21.470
21.365
21.490
21.850
21.835
21.865
21.835
21.860
21.930
22.030
22.025
21.990
22.005
21.910
21.920
22.175
21.945
21.965
21.965
21.850
21.945
21.965
22.005
21.985
22.010
21.970
22.020
22.080
22.080
22.250
22.255
22.340
22.260
22.235
22.360
22.335
22.360
22.325
22.390
21.935
21.835
21.925
22.165
22.240
22.060
21.930
21.850
22.130
22.140
22.060
21.880
21.635
21.600
21.595
21.475
21.295
21.335
21.395
21.665
21.760
21.805
22.120
22.230
22.165
22.080
21.860
21.790
21.790
21.710
22.135
22.110
22.060
22.085
21.925
21.955
21.520
21.430
21.265
21.265
21.040
21.055
20.985
21.155
21.110
20.590
20.595
20.755
20.835
21.160
20.915
20.885
20.725
20.635
20.595
20.595
20.710
20.465
20.620
20.735
20.855
20.855
21.125
21.195
21.160
21.330
21.360
21.575
21.390
21.360
21.455
21.840
21.840
21.735
21.625
21.555
21.645
21.385
21.365
21.465
21.580
21.550
21.390
21.390
21.325
21.340
21.260
21.435
21.425
21.470
21.570
21.265
21.235
21.490
21.435
21.445
21.565
21.580
21.595
21.645
21.675
21.680
21.605
21.640
21.470
21.505
21.570
21.435
21.220
21.160
21.170
21.240
21.385
21.460
21.205
21.160
21.080
21.260
21.415
21.300
21.285
21.150
21.350
21.475
21.460
21.385
21.375
21.330
21.350
21.230
21.015
21.035
21.315
21.375
21.365
21.280
21.015
20.995
20.965
20.840
20.855
20.725
20.675
20.485
20.605
20.930
21.005
20.990
20.860
20.900
20.845
20.900
20.920
20.885
20.900
20.930
21.065
20.975
21.040
21.245
20.810
20.330
20.585
20.505
20.125
20.165
20.145
20.150
20.150
20.090
19.970
20.080
20.080
20.025
20.055
20.090
19.825
20.185
20.170
20.170
20.210
20.160
20.290
20.295
20.290
20.765
20.795
20.840
20.825
20.855
20.750
20.780
20.870
21.070
21.105
21.055
21.070
21.280
21.260
21.370
21.330
21.405
21.480
21.310
21.275
21.260
21.260
21.265
21.010
20.960
21.185
21.210
21.115
21.110
21.130
21.245
21.160
21.125
21.055
20.865
20.755
20.660
20.290
20.600
20.675
20.680
20.675
20.640
20.695
20.810
20.530
20.480
20.400
20.485
20.465
20.455
20.435
20.375
20.360
20.305
20.235
20.670
20.620
20.530
20.530
20.540
20.620
20.455
20.555
20.205
20.475
20.480
20.470
20.350
20.315
20.235
20.260
20.385
20.315
20.210
20.055
20.100
19.825
19.850
19.870
19.690
19.865
19.530
19.605
19.715
19.685
19.220
19.280
19.265
19.280
19.335
19.230
19.375
19.845
19.755
19.570
19.555
19.560
19.720
19.775
19.760
19.520
19.350
19.475
19.540
19.425
19.430
19.530
19.240
19.540
19.560
19.740
19.865
19.890
19.975
20.205
20.185
20.240
20.210
20.360
20.340
20.195
20.170
20.185
20.150
20.325
20.445
20.310
20.250
20.360
20.385
20.415
20.195
20.040
20.075
19.900
19.965
19.755
19.635
19.790
20.010
19.925
19.895
19.860
19.870
20.010
19.955
20.130
20.055
20.020
20.165
20.280
20.380
20.315
20.310
20.390
20.385
20.725
20.710
20.495
20.250
20.270
20.415
20.440
20.460
20.475
20.470
20.525
20.665
20.675
20.555
20.800
20.795
20.685
20.445
20.515
20.500
20.285
20.255
20.555
20.540
20.755
20.810
20.695
20.575
20.560
20.450
20.380
20.410
20.435
20.510
20.545
20.290
20.375
20.470
20.535
20.510
20.270
20.240
20.260
19.800
19.690
19.670
19.620
19.585
19.625
19.585
19.410
19.260
19.330
19.335
19.640
19.350
19.365
19.140
19.155
19.150
19.075
18.985
18.920
18.940
19.140
19.090
19.105
19.245
19.015
18.960
19.400
19.390
19.310
19.180
19.665
19.785
20.115
20.080
20.070
20.050
20.050
19.895
19.805
19.945
19.985
19.990
19.955
20.020
20.055
20.080
20.075
20.050
20.075
20.025
20.160
20.200
20.060
20.255
20.550
20.130
20.250
20.185
20.190
20.180
20.185
20.305
20.145
20.300
20.075
20.120
20.225
20.215
20.360
20.410
20.285
20.125
20.050
20.275
20.280
20.315
20.745
20.685
20.715
20.550
20.620
20.900
20.870
21.005
21.035
21.120
21.030
21.000
21.005
21.000
21.100
21.275
20.880
20.930
21.000
21.215
21.245
21.085
20.920
21.280
21.300
21.310
21.405
21.300
21.320
21.310
21.245
21.475
21.060
20.915
20.525
20.430
20.500
20.350
20.165
20.110
20.180
20.170
20.045
20.020
20.260
20.240
20.500
20.475
20.295
20.300
20.360
20.335
20.230
20.350
20.315
20.360
20.325
20.310
20.265
20.210
20.100
20.065
19.885
19.700
19.765
20.120
20.180
20.145
20.030
19.950
19.525
19.505
19.835
19.720
20.030
20.015
20.100
20.030
20.115
20.085
20.220
20.215
20.310
20.285
20.215
20.140
20.235
20.130
20.255
20.245
20.185
20.025
19.910
19.965
19.655
19.895
19.920
19.960
19.945
19.970
19.980
19.975
19.730
19.700
19.615
19.560
19.620
19.655
19.830
19.865
19.935
20.025
20.095
20.145
20.235
20.135
20.075
20.025
19.985
19.995
19.985
20.165
20.130
20.090
20.105
19.975
19.980
20.230
20.095
20.345
20.355
20.310
20.280
20.475
20.315
20.380
20.330
20.440
20.400
20.270
20.115
20.205
20.205
20.270
20.070
20.190
20.225
20.190
20.095
20.080
19.550
19.630
19.690
19.685
19.235
19.090
18.685
18.695
18.665
18.660
18.655
18.530
18.545
18.500
18.605
18.625
18.710
18.615
18.710
18.690
18.770
18.720
18.785
18.880
18.935
19.030
19.125
18.920
18.860
18.860
18.830
18.920
19.255
19.260
19.195
19.225
19.175
18.955
19.360
19.460
19.350
19.630
19.535
19.500
19.595
19.575
19.715
19.520
19.590
19.560
19.115
19.145
19.080
19.335
19.125
18.845
18.790
18.590
18.670
18.550
18.595
18.690
18.685
18.670
18.735
18.470
18.430
18.450
18.425
18.205
18.170
18.155
18.240
17.900
17.875
18.005
18.055
18.020
18.100
18.110
18.560
18.370
18.355
18.370
18.500
18.395
18.415
18.490
18.590
18.590
18.780
18.800
18.685
18.965
18.790
18.910
18.680
18.620
18.685
18.500
18.495
18.595
18.710
18.670
18.675
18.625
18.790
18.820
18.850
18.935
18.835
18.900
18.920
18.965
18.935
18.865
18.965
18.940
18.920
19.020
19.010
19.085
18.920
18.930
18.735
18.665
18.675
18.675
18.630
18.705
18.345
18.425
18.610
18.645
18.785
18.755
18.675
18.790
18.650
18.595
18.620
18.620
18.785
18.835
18.755
18.545
18.560
18.520
18.510
18.495
18.445
18.475
18.420
18.545
18.600
18.580
18.520
18.600
18.815
18.825
18.955
18.985
18.945
18.815
18.880
18.890
18.890
19.010
19.030
19.355
19.335
19.135
19.245
19.270
19.525
19.520
19.605
19.440
19.450
19.250
19.535
19.570
19.590
19.290
19.215
19.155
19.165
19.140
19.115
19.135
19.215
19.110
19.115
19.135
19.205
19.270
19.240
19.150
19.325
19.415
19.585
19.480
19.400
19.410
19.615
19.835
19.905
20.160
20.705
20.915
21.025
21.030
21.390
21.255
21.055
21.175
21.545
21.585
21.310
21.280
21.210
21.415
21.515
21.715
21.540
21.420
21.540
21.610
21.350
21.385
21.295
21.195
20.865
20.995
20.970
20.835
20.835
21.015
20.675
20.520
20.535
20.530
20.510
20.580
20.675
20.785
20.685
20.660
20.720
21.020
21.155
21.180
21.460
21.170
21.200
21.215
21.335
21.730
21.500
21.560
21.530
21.425
21.370
21.340
21.205
21.185
21.195
21.415
21.475
21.470
21.595
21.635
21.730
21.705
21.745
21.850
21.755
21.885
21.795
21.850
21.575
21.835
21.915
21.905
21.820
21.795
21.835
21.805
21.780
22.115
21.995
22.050
21.980
21.770
21.740
21.740
21.960
22.050
21.970
22.050
22.035
22.065
22.005
22.180
22.190
22.195
22.135
22.295
22.305
22.740
23.130
23.140
23.130
23.465
23.540
23.265
23.335
23.380
23.665
23.680
23.685
24.020
23.900
24.075
23.925
23.985
23.890
23.905
23.820
23.985
23.895
23.880
23.745
23.850
23.835
23.830
23.815
23.830
24.180
24.535
24.595
24.860
24.850
24.800
24.790
24.875
24.925
25.400
25.600
25.665
25.700
25.665
26.090
26.065
26.085
26.260
26.260
26.335
26.335
26.305
26.320
26.200
26.140
26.140
25.955
26.090
26.045
25.970
25.915
25.585
25.755
25.985
26.000
25.970
25.725
25.735
25.745
25.820
25.935
26.045
25.805
25.830
25.915
25.980
25.930
25.945
25.945
25.845
25.820
25.845
25.790
25.860
25.855
25.725
25.885
25.765
25.835
26.085
25.945
26.010
26.280
26.330
26.330
26.320
26.325
26.100
26.015
25.700
25.175
24.985
25.010
24.955
24.985
25.180
25.175
25.030
24.695
24.600
24.635
24.870
24.880
24.695
24.525
24.560
24.630
24.525
24.460
24.400
24.435
24.400
24.440
24.535
24.725
24.745
25.030
25.095
25.315
25.230
25.145
25.205
25.290
25.340
25.755
25.690
25.595
25.685
25.740
25.775
25.650
25.370
25.460
25.650
25.590
25.740
25.820
25.770
25.680
25.275
25.325
25.500
25.430
25.445
25.450
25.585
25.645
25.600
25.575
25.320
25.220
25.230
25.105
25.040
24.925
24.930
24.885
24.690
24.545
24.460
24.445
24.365
24.220
23.920
24.050
24.065
24.030
24.370
24.265
24.250
24.270
23.900
23.870
23.915
23.980
24.030
24.010
23.965
23.960
24.410
24.440
24.415
24.425
24.645
24.605
24.355
24.495
24.530
24.420
24.255
24.200
23.685
23.330
23.200
23.250
23.125
23.210
23.665
23.505
23.440
23.640
23.545
23.585
23.175
23.180
23.220
23.185
23.180
23.195
23.270
23.285
23.110
23.185
23.180
23.225
23.060
22.930
22.855
22.900
22.755
22.695
22.310
22.305
22.105
22.170
22.305
22.390
22.480
22.415
21.950
21.700
21.710
21.675
21.625
21.360
21.375
21.470
21.365
21.395
21.300
20.920
21.160
21.010
21.280
21.275
21.455
21.495
21.600
21.660
21.785
21.880
21.960
21.870
21.725
21.810
21.805
21.730
22.220
22.120
21.975
21.855
21.685
21.665
21.825
21.685
21.625
21.620
21.760
21.800
21.885
22.030
22.025
22.005
21.940
22.045
22.070
21.930
21.890
21.965
21.890
21.890
21.795
21.760
21.995
22.010
22.020
21.845
21.955
21.935
21.950
22.005
21.995
21.915
21.915
21.525
21.565
21.655
21.650
21.520
21.625
21.600
21.375
21.490
21.560
21.790
21.535
21.485
21.520
21.410
21.435
22.035
22.080
22.170
22.095
22.295
22.400
22.205
22.415
22.390
22.305
22.410
22.710
22.615
22.305
21.900
21.905
22.060
21.910
21.990
22.135
22.135
22.055
21.835
21.700
21.535
21.485
21.420
21.610
21.715
21.735
21.695
21.545
21.625
22.005
22.265
22.180
22.160
22.210
22.405
22.410
22.610
22.610
22.650
22.670
22.680
22.940
23.005
23.060
23.035
23.170
23.390
23.430
23.365
23.485
23.330
23.515
23.520
23.215
23.225
23.275
23.130
23.100
23.050
23.485
23.415
23.480
23.480
24.010
23.815
23.475
23.605
23.965
23.910
23.570
23.615
23.740
23.680
23.655
23.810
23.830
23.940
24.225
24.335
24.535
24.685
24.465
24.300
23.845
23.930
24.035
23.700
23.735
23.860
23.970
24.195
24.105
24.195
24.560
24.940
24.915
24.920
24.995
25.025
24.995
25.085
25.255
25.240
25.230
25.460
25.510
25.200
25.245
25.245
25.220
25.100
25.055
24.970
24.845
24.815
25.255
25.280
25.750
25.775
25.790
25.690
25.635
25.315
25.470
25.465
25.670
26.025
25.810
25.790
25.570
25.530
25.580
25.615
25.535
25.500
25.455
25.350
25.305
25.380
25.310
25.195
25.230
25.320
24.995
25.215
25.235
25.260
25.370
25.555
25.650
25.860
25.895
25.875
25.830
25.930
26.180
26.090
26.110
26.240
26.240
26.150
26.125
26.410
26.465
26.430
26.360
26.480
26.515
26.150
25.995
26.015
26.560
26.545
26.500
26.550
26.615
26.705
26.815
26.790
26.770
26.890
26.885
27.275
27.485
27.565
27.455
27.540
27.585
27.600
27.455
27.310
27.475
27.830
27.880
28.105
28.170
28.010
28.195
28.140
28.140
27.790
27.725
27.910
27.755
27.590
27.730
27.610
27.315
27.460
27.490
27.465
27.410
27.505
27.560
27.420
27.275
27.475
27.445
27.445
27.380
27.365
27.255
27.165
27.220
27.395
27.370
27.415
27.440
27.630
27.740
27.550
27.510
27.555
27.715
27.575
27.615
27.390
27.670
27.915
28.045
27.985
27.880
27.815
27.695
27.800
27.645
27.425
27.615
27.620
27.790
27.695
27.645
27.785
27.800
27.720
27.765
27.805
27.830
27.935
27.910
28.025
27.885
27.940
27.430
27.360
27.425
27.325
26.910
26.940
27.080
27.015
26.985
26.930
26.965
27.165
27.255
27.165
26.925
26.980
26.815
26.895
27.025
27.105
27.205
27.145
27.150
27.210
27.420
27.475
27.495
27.220
27.070
27.100
26.740
26.435
26.505
26.540
26.850
27.025
26.970
26.800
26.715
26.785
26.865
26.725
26.705
27.150
27.160
27.050
27.010
26.910
26.950
27.090
27.175
27.450
27.015
27.085
26.665
26.875
27.010
26.970
26.930
26.940
26.725
27.135
27.060
26.690
26.955
27.230
27.195
27.540
27.480
27.450
27.420
27.445
27.575
27.650
27.775
27.650
27.990
27.940
27.950
27.995
28.125
27.940
27.990
28.085
28.030
28.015
27.820
27.850
27.790
27.815
27.845
28.085
27.805
28.085
28.185
28.410
28.595
28.825
29.225
29.160
29.100
28.965
28.905
28.985
29.015
28.985
28.890
29.285
28.995
29.110
29.155
29.225
29.175
29.230
29.140
29.220
29.150
29.015
28.835
28.380
28.715
28.780
28.755
28.700
28.640
28.515
28.555
28.530
28.805
28.480
28.505
28.335
28.390
28.030
27.965
27.910
27.920
27.870
27.760
27.570
27.500
27.675
27.565
27.605
27.555
27.530
27.670
27.845
27.950
27.600
27.530
27.485
28.055
28.000
28.030
28.245
28.295
28.430
28.670
28.690
28.465
28.175
28.210
28.185
28.075
27.805
27.400
27.410
27.370
27.350
27.275
27.220
27.205
27.195
27.140
27.145
27.050
27.190
27.085
27.070
27.195
27.085
27.090
27.130
26.995
27.005
27.125
27.200
27.155
27.220
27.345
27.430
27.350
27.625
27.580
27.380
27.105
27.165
27.225
27.160
27.140
27.260
27.365
27.885
27.945
27.950
27.835
28.005
28.050
28.165
28.185
28.085
27.950
28.040
28.065
27.860
27.835
27.655
27.410
27.625
27.665
27.790
27.890
27.695
27.680
27.470
27.555
27.595
27.685
27.505
27.595
27.520
28.050
27.940
27.850
27.555
27.580
27.590
27.865
28.105
28.075
27.925
27.950
27.745
27.695
28.215
28.325
28.355
28.255
28.230
28.285
28.090
28.120
28.030
27.915
27.665
27.595
27.565
27.555
27.625
27.700
27.410
27.170
27.475
27.170
27.075
27.195
27.085
27.075
27.040
26.905
26.900
26.620
26.615
26.530
26.485
26.240
26.200
26.360
26.255
26.075
26.185
26.225
26.180
26.170
26.080
26.120
25.870
26.060
26.250
26.300
26.530
26.515
26.360
26.315
26.065
25.950
25.750
25.385
25.495
25.810
26.170
26.440
26.210
26.340
26.420
26.415
26.075
25.895
25.735
25.645
25.920
25.880
25.910
25.900
26.005
26.035
26.205
26.405
26.465
25.920
25.785
25.870
26.265
26.535
26.700
27.060
27.205
26.765
26.700
26.690
26.615
26.620
26.710
26.525
26.850
26.880
26.915
26.885
26.800
27.715
27.540
27.530
27.585
27.715
27.730
28.040
28.085
28.110
28.250
28.295
28.240
27.775
27.695
28.005
27.870
27.835
28.010
27.840
28.050
28.290
28.280
28.340
28.360
28.500
28.595
28.855
28.905
29.125
29.045
29.000
29.110
29.610
29.730
29.620
29.450
29.535
29.415
29.400
29.605
29.495
29.475
29.620
29.930
30.105
30.195
29.895
30.050
30.365
30.250
30.105
30.145
30.175
29.895
30.010
30.050
29.800
29.810
30.360
30.450
30.615
30.650
30.765
30.705
30.755
30.760
30.815
30.695
30.585
30.655
30.675
30.590
30.690
30.585
30.655
30.655
30.670
30.605
30.790
30.565
30.620
30.645
30.535
30.740
30.760
31.265
31.040
31.505
31.550
31.635
31.660
31.625
31.150
31.165
30.870
31.075
31.240
31.175
31.060
31.725
31.705
31.860
31.850
31.680
31.680
31.475
31.370
31.360
31.380
31.475
31.270
31.285
31.250
31.250
31.225
31.210
31.165
31.330
31.320
31.240
31.155
31.100
31.330
31.070
31.295
31.150
31.140
30.895
30.820
31.000
31.195
31.415
31.430
31.415
31.445
31.450
31.375
31.550
31.395
31.615
31.755
31.630
31.840
31.805
31.930
31.935
31.885
32.095
31.955
31.735
31.675
31.240
31.305
31.365
31.295
31.325
31.875
31.875
32.000
31.620
32.270
31.885
31.805
31.860
31.750
31.680
31.745
31.870
31.805
32.005
32.075
31.845
32.015
32.055
32.390
33.160
33.145
33.165
33.010
33.120
33.405
33.685
33.650
