13.000
25.000
21.333
21.000
17.800
19.667
19.000
18.125
17.333
16.800
15.545
14.417
13.769
13.000
12.533
14.312
15.412
15.944
15.474
14.950
16.286
15.545
15.087
14.792
14.680
15.769
16.519
16.643
16.379
16.267
16.710
16.531
16.515
16.147
15.943
15.639
15.216
15.132
14.872
14.725
14.463
14.548
14.395
14.273
14.933
14.652
14.596
14.583
14.673
14.680
14.824
14.692
14.811
14.556
14.455
14.732
15.035
15.172
15.017
15.133
14.902
14.935
15.048
15.031
15.108
15.000
15.358
15.603
15.536
16.614
16.408
16.250
16.836
16.716
16.627
16.474
16.325
16.885
16.696
17.163
17.062
16.939
17.422
17.631
17.706
17.779
18.333
18.170
17.978
17.867
17.736
18.239
18.129
18.574
18.432
18.292
18.206
18.122
18.253
18.590
18.436
18.304
18.175
18.471
18.733
18.604
18.804
19.370
19.394
19.618
19.495
19.536
19.425
19.254
19.096
19.474
19.316
19.381
19.672
19.533
19.636
19.492
19.537
19.419
19.560
19.659
19.787
19.664
19.729
19.815
19.733
19.614
19.519
19.567
19.533
19.699
20.044
19.971
19.835
19.893
19.858
19.923
19.818
20.222
20.207
20.452
20.361
20.412
20.289
20.613
20.550
20.441
20.412
20.318
20.400
20.506
20.503
20.525
20.453
20.488
20.466
20.401
20.472
20.348
20.267
20.265
20.150
20.036
20.036
20.053
20.327
20.209
20.162
20.345
20.240
20.256
20.412
20.494
20.486
20.439
20.381
20.396
20.399
20.505
20.459
20.538
20.877
20.766
20.667
21.000
21.136
21.052
21.176
21.170
21.144
21.128
21.020
20.975
20.990
20.960
21.450
21.285
21.220
21.550
21.565
21.525
21.875
21.920
21.880
22.060
22.050
22.075
22.260
22.705
22.955
22.860
22.800
22.690
22.720
22.780
22.570
22.645
22.955
22.995
23.105
23.010
22.920
22.895
22.850
23.205
23.495
23.450
23.555
23.545
23.990
24.605
24.830
25.260
25.475
25.510
25.530
25.555
26.385
26.355
26.660
26.795
26.925
27.025
26.985
26.950
27.055
27.120
27.015
27.030
27.020
27.390
27.235
27.185
27.390
27.455
27.475
27.680
27.735
27.755
27.785
27.990
28.625
28.930
28.880
28.940
28.960
29.165
29.080
29.575
29.535
29.530
29.575
29.290
29.425
29.200
29.670
30.020
29.895
29.820
29.795
29.695
29.405
29.440
29.615
29.765
29.770
29.550
29.710
29.420
29.550
29.715
29.735
29.755
30.485
30.270
30.285
30.450
30.955
30.710
30.500
30.510
30.415
30.090
29.995
29.780
29.810
30.150
30.225
30.420
31.035
30.725
30.750
31.005
31.185
31.245
31.220
31.255
32.125
32.135
31.950
32.055
32.240
32.225
32.350
32.295
32.390
32.460
32.510
32.425
32.390
32.185
31.905
31.865
31.885
31.965
31.890
31.935
31.940
31.565
31.495
31.355
31.540
31.430
31.675
31.480
31.610
31.770
31.855
31.890
31.830
32.375
32.365
32.295
32.465
32.815
32.795
32.750
32.675
32.685
32.900
33.265
33.295
33.335
33.400
33.300
32.965
33.285
33.240
33.005
33.000
32.915
33.265
33.130
33.255
33.220
33.655
33.580
33.680
33.740
33.810
33.675
33.305
33.340
33.415
33.020
32.880
33.120
32.980
33.000
33.285
33.220
33.350
34.285
34.275
34.335
33.925
33.935
34.260
33.835
34.655
34.755
34.955
34.855
34.845
35.100
35.205
35.285
35.070
34.610
34.340
34.275
34.200
34.400
34.485
34.825
34.850
34.865
34.700
34.655
34.655
34.925
34.895
34.835
34.960
34.815
34.865
34.930
34.790
34.935
34.540
33.985
34.025
33.635
33.425
33.450
33.490
33.595
32.810
32.805
32.345
32.480
32.530
32.475
32.495
32.495
32.400
32.615
33.610
33.690
33.905
33.805
34.305
34.465
34.245
34.425
35.295
35.020
35.085
35.285
35.410
35.265
34.610
34.160
34.255
33.955
33.970
33.865
33.855
33.325
33.395
33.515
33.780
34.140
34.085
34.070
33.635
33.430
33.570
33.480
33.440
33.420
33.505
33.670
33.700
33.730
33.715
33.645
33.735
33.995
33.985
33.900
33.850
33.820
33.170
33.180
33.200
33.330
33.375
33.700
33.880
34.365
34.295
34.435
34.470
34.675
34.630
34.300
34.465
34.390
33.965
34.265
34.300
34.700
34.320
34.415
34.335
34.360
33.465
33.625
33.655
33.440
33.150
33.160
32.975
33.040
33.050
33.210
33.240
33.290
33.795
33.825
33.775
34.055
34.085
33.885
33.985
34.220
34.220
34.360
34.485
34.570
34.595
34.645
34.430
34.605
34.430
34.250
34.115
34.145
34.050
33.690
33.855
33.835
33.655
33.220
33.200
33.810
33.810
33.835
33.705
33.330
33.355
33.545
33.515
33.505
33.650
33.935
34.230
34.335
34.380
34.445
33.870
34.000
33.910
34.025
33.850
33.820
33.810
33.565
33.680
33.770
33.995
33.970
34.015
34.075
34.440
34.405
34.345
34.450
34.125
34.325
34.200
33.260
33.210
33.430
33.325
33.325
33.185
33.310
32.470
32.270
31.705
32.675
32.820
32.685
32.630
32.685
33.195
33.275
33.365
34.315
34.660
34.465
34.315
34.075
34.090
34.070
33.900
33.900
33.830
33.545
33.535
33.960
33.950
33.875
33.720
33.825
33.815
34.140
34.275
34.350
34.140
34.330
34.320
34.310
34.390
34.195
34.700
34.995
35.735
35.870
35.695
35.635
35.705
36.310
36.215
36.020
35.215
35.130
35.020
34.670
34.170
34.015
34.180
33.890
33.010
33.355
33.210
33.195
32.995
33.890
33.735
33.935
34.400
34.190
34.165
34.130
33.990
34.010
33.960
33.850
33.855
33.595
33.550
33.735
33.705
33.570
33.320
33.800
33.780
33.795
33.745
33.590
33.435
33.275
33.445
33.575
33.295
33.640
33.710
33.935
33.915
34.120
33.915
34.110
34.065
33.865
34.285
34.110
33.940
33.530
33.835
33.940
33.935
33.795
34.170
34.130
34.550
34.490
34.325
34.075
34.390
34.260
34.250
34.170
34.445
34.395
34.645
35.270
35.320
35.275
35.735
35.970
35.970
35.930
35.785
35.765
35.815
36.030
35.840
35.865
36.110
36.075
36.080
36.330
36.435
36.015
36.100
36.110
36.035
36.280
36.070
36.225
36.235
36.055
36.070
36.135
36.175
36.085
36.090
35.895
35.935
36.515
36.600
36.575
36.570
36.025
36.510
36.475
36.450
36.395
36.345
36.205
36.105
36.310
36.185
35.860
35.645
35.710
35.920
35.935
36.025
35.900
35.915
35.785
35.865
35.900
35.925
35.925
35.805
35.775
35.515
35.710
35.830
35.750
35.360
35.560
35.720
35.575
35.595
35.650
35.720
35.745
35.700
35.625
35.995
36.615
36.475
36.345
36.400
36.415
36.825
35.915
35.780
36.070
36.030
36.855
36.710
36.640
36.590
35.595
35.235
35.465
35.485
35.605
35.575
35.565
35.815
35.990
35.945
35.850
35.840
35.625
35.565
35.370
35.170
34.990
35.335
34.860
35.010
34.925
34.975
35.110
35.305
35.390
35.300
35.840
35.395
35.305
34.735
34.420
34.370
34.555
34.815
34.275
34.325
34.500
34.360
34.485
34.440
34.510
34.640
34.650
34.835
35.470
36.295
36.065
36.225
36.030
36.400
36.400
36.935
37.145
36.610
36.790
36.845
36.780
36.870
36.930
36.985
37.030
36.690
36.790
36.785
36.575
36.710
36.735
37.145
37.245
37.225
37.210
37.555
37.540
37.495
37.835
37.700
37.635
37.880
37.720
37.655
37.745
38.045
37.930
38.330
38.345
38.355
38.435
37.655
37.520
37.520
37.625
37.540
37.405
37.400
37.615
37.230
38.135
38.435
38.555
38.980
39.310
39.160
38.505
38.450
38.825
38.920
39.070
38.775
38.020
38.090
38.095
37.600
37.405
37.460
37.365
37.480
38.245
39.075
39.335
39.095
39.045
38.815
38.685
38.710
38.680
38.535
38.685
38.570
38.510
38.545
38.150
38.130
38.175
38.515
38.375
38.360
38.645
38.785
39.210
39.390
39.245
38.985
38.410
38.315
38.565
38.870
39.795
39.365
39.405
39.310
39.345
39.435
39.350
39.780
40.175
40.840
40.665
40.765
40.610
40.995
41.090
41.565
41.520
41.375
41.455
41.300
41.905
41.745
41.940
42.810
43.185
43.325
43.500
43.570
43.755
44.575
44.525
45.335
45.280
45.840
45.565
45.525
45.675
45.740
46.395
46.165
45.665
45.680
46.015
46.385
46.365
46.195
46.325
46.395
45.825
46.335
45.810
45.865
46.490
46.455
46.640
46.825
47.450
47.470
47.180
47.170
47.135
47.880
47.800
48.365
49.220
49.350
50.120
50.220
50.380
50.280
50.775
50.545
50.775
50.780
50.860
50.990
50.785
50.875
50.885
50.935
50.485
50.940
50.805
50.730
50.710
50.865
50.875
51.025
51.070
51.175
51.170
51.140
51.995
51.910
52.765
52.745
52.820
52.700
52.330
51.560
51.685
51.635
51.910
51.675
50.735
50.610
50.245
50.430
50.265
50.530
50.535
50.585
50.535
50.545
50.825
51.200
51.235
51.290
51.445
51.330
51.380
50.975
50.400
50.475
51.265
50.995
51.005
51.180
50.810
50.795
50.725
50.745
50.550
50.665
50.365
50.600
50.500
50.145
50.165
50.550
50.630
50.545
50.585
51.550
51.525
51.525
51.340
51.795
51.740
51.910
51.565
50.980
50.950
50.610
50.630
50.470
50.560
51.105
51.635
51.225
51.105
52.045
52.000
51.970
52.075
52.165
52.560
52.495
52.570
52.550
52.075
51.150
50.955
51.710
51.855
51.910
52.120
52.070
51.920
52.020
51.980
52.975
52.955
53.045
53.130
53.455
53.355
53.120
53.125
53.610
53.375
53.760
53.625
53.670
53.670
54.010
54.015
54.030
54.675
54.500
53.575
53.450
53.535
53.825
53.805
54.260
54.275
53.910
53.525
52.955
52.850
52.710
52.705
52.185
52.030
52.445
52.715
52.740
52.760
52.750
52.385
53.320
53.115
52.170
51.750
51.730
52.345
52.115
51.945
51.055
50.985
50.125
50.225
49.665
49.790
49.955
49.810
49.770
48.895
48.785
48.640
48.670
48.445
48.280
48.305
48.120
48.045
47.990
48.240
47.835
48.235
47.835
48.120
48.230
48.145
48.030
47.200
47.205
47.215
47.580
47.960
47.105
47.330
46.820
46.265
46.230
45.485
45.335
45.535
45.615
45.375
46.220
46.025
45.720
45.700
45.760
45.700
45.630
46.130
46.360
46.265
45.665
46.230
46.275
46.525
46.355
46.230
45.835
45.720
45.555
45.300
45.340
44.450
44.995
44.075
44.095
44.510
44.510
44.935
45.000
45.545
46.345
46.010
45.940
46.055
46.165
46.150
46.115
46.260
46.145
46.115
46.910
47.495
47.665
47.615
47.240
47.215
47.280
47.330
47.275
47.255
47.310
47.835
48.450
47.670
47.735
47.805
47.670
47.760
48.705
49.510
49.240
49.795
49.705
50.580
50.110
50.140
50.295
50.245
49.875
49.730
49.645
49.835
49.195
49.320
49.160
49.170
49.100
49.095
48.955
48.890
48.515
48.555
48.680
48.300
48.335
48.570
48.505
47.545
48.345
48.375
47.650
47.630
47.530
47.495
47.460
47.180
47.130
47.110
48.005
47.665
47.725
48.345
47.835
47.775
47.775
47.520
48.460
48.750
48.820
48.850
48.850
49.605
49.435
49.315
49.040
49.090
49.060
49.380
49.005
49.010
48.545
48.355
49.110
49.330
49.135
49.110
49.195
48.360
48.215
49.070
49.070
48.950
48.765
48.780
48.425
48.440
48.565
49.150
49.095
49.125
49.725
49.955
49.965
50.030
49.720
49.475
49.610
50.495
50.270
50.145
49.160
49.780
50.070
50.015
50.395
49.425
49.360
49.545
49.645
49.390
49.550
49.440
49.540
49.535
50.330
50.455
50.460
50.550
50.730
50.815
51.055
51.795
51.645
51.705
51.675
51.600
51.635
51.955
51.895
51.120
51.255
50.475
50.495
50.470
50.415
50.610
51.115
51.175
50.905
50.650
50.765
51.330
51.235
51.025
51.205
51.730
52.720
52.795
52.810
52.570
51.610
51.610
52.145
52.110
51.930
51.835
51.750
51.065
50.745
51.235
51.440
50.945
50.855
50.535
50.565
51.435
52.270
52.425
52.465
52.920
53.565
53.460
53.635
54.555
54.460
53.900
53.665
53.165
53.155
53.160
52.210
52.250
52.160
52.120
52.575
53.200
53.050
53.050
53.305
53.355
52.520
52.085
52.815
52.615
52.800
52.600
52.485
52.445
52.820
52.755
52.780
52.640
51.950
52.290
52.155
52.080
52.060
52.070
51.195
50.470
50.835
50.205
50.960
50.065
50.265
51.200
50.980
50.910
50.970
50.940
51.025
51.160
51.020
50.825
50.940
51.190
50.780
51.095
52.040
51.635
51.605
51.565
51.610
51.780
51.715
51.395
51.675
51.680
50.990
51.630
51.710
51.710
52.190
52.175
52.115
52.055
52.255
52.245
51.325
51.450
51.365
50.595
50.525
51.280
51.380
51.380
51.040
50.680
50.890
51.060
50.190
49.405
49.530
49.555
49.520
49.465
49.345
49.535
49.435
50.245
50.430
50.615
49.705
49.500
49.365
49.755
49.695
50.610
50.620
49.835
50.310
50.700
50.690
50.735
50.575
50.540
50.900
50.100
50.205
50.440
50.400
50.630
50.845
50.750
50.335
50.680
51.175
50.565
51.115
51.480
51.705
51.100
50.885
51.045
50.530
50.855
51.260
51.080
51.115
51.190
50.910
51.105
50.985
50.905
49.935
49.865
49.895
49.755
50.380
50.335
50.110
50.245
51.110
51.065
51.640
52.110
52.175
52.280
52.510
53.005
53.115
53.175
54.025
54.395
54.940
54.750
54.290
55.200
55.180
55.130
55.415
54.915
55.405
55.345
55.160
54.515
53.545
53.160
53.415
53.440
53.500
53.500
52.905
52.895
52.820
52.945
53.075
54.065
54.260
54.160
54.510
54.535
54.450
54.770
54.960
53.995
53.200
53.165
53.535
53.050
53.340
53.775
53.140
52.285
52.430
52.500
52.875
52.815
52.825
52.035
52.430
52.445
52.415
52.320
51.340
51.165
51.165
51.335
50.875
51.045
51.110
50.945
50.215
50.125
50.405
50.380
50.395
50.670
50.610
50.880
50.870
51.040
51.040
50.815
51.105
51.560
52.140
52.035
52.000
51.920
51.670
52.310
52.375
52.690
52.545
52.315
52.365
52.225
52.435
52.925
52.860
52.740
52.605
52.575
52.455
52.670
52.665
52.255
51.310
51.320
51.415
51.295
51.020
50.870
51.110
51.120
50.355
50.520
50.550
50.090
49.945
50.375
49.990
50.000
50.100
50.025
50.800
50.825
50.795
50.875
50.865
51.060
50.920
50.165
50.195
50.230
49.765
49.750
49.440
49.135
49.210
49.240
49.425
49.390
49.395
49.240
49.810
49.660
50.135
49.235
48.930
48.895
48.910
48.885
48.930
48.785
48.775
47.970
48.355
48.520
48.095
47.865
48.155
48.430
48.765
48.790
48.655
49.630
49.525
49.930
49.780
49.630
49.310
50.275
50.015
49.685
49.260
48.965
48.955
48.435
49.195
49.565
49.475
49.330
49.490
49.230
48.890
48.910
49.200
49.145
49.155
49.310
49.325
50.175
50.250
50.235
50.170
50.180
49.410
49.450
50.060
49.135
48.400
48.750
48.460
47.950
47.855
47.210
47.915
47.500
47.285
47.170
46.335
46.250
46.055
46.195
46.765
46.185
46.120
46.025
45.595
45.310
44.880
44.855
44.800
45.115
45.130
45.080
44.835
44.890
45.090
45.395
45.620
45.550
45.840
46.130
46.090
45.260
45.055
44.665
44.175
44.160
44.635
44.490
44.550
44.530
44.355
44.620
44.365
44.605
44.310
44.200
44.465
44.370
44.205
44.200
44.425
44.390
44.630
45.610
45.255
46.175
46.195
47.155
47.295
46.885
46.895
46.680
46.720
47.055
46.830
47.690
47.750
47.775
47.685
47.950
47.975
47.725
48.390
48.730
48.630
49.055
49.155
49.355
49.130
48.705
48.680
48.965
49.185
49.245
49.285
48.650
47.765
47.370
47.840
47.260
47.905
47.935
47.740
47.210
47.155
47.890
48.290
48.210
48.140
47.855
48.340
48.315
48.460
49.265
49.775
49.890
49.925
49.885
49.665
50.040
50.100
49.910
50.185
50.270
50.195
50.145
50.130
50.875
50.975
51.070
50.075
50.125
50.130
49.860
49.975
49.895
49.820
50.125
50.205
50.215
50.315
50.695
50.660
50.795
51.105
52.015
51.680
52.135
52.370
52.350
51.885
51.670
51.435
51.595
51.665
51.560
51.460
51.590
51.510
51.590
51.625
51.550
51.600
51.380
51.535
51.735
52.335
52.135
51.920
51.965
51.655
50.680
50.735
50.265
50.300
50.450
50.480
49.505
49.905
50.240
50.090
50.260
49.795
50.345
49.470
49.250
49.445
49.605
49.660
49.990
50.215
50.360
50.340
50.330
50.465
50.220
50.355
49.535
49.635
50.505
50.500
50.500
50.440
50.985
50.685
50.715
50.545
51.150
50.855
51.355
52.315
53.200
52.755
52.905
53.850
53.810
53.775
53.450
53.070
53.490
52.965
52.590
52.960
52.995
52.915
52.840
53.075
53.655
53.725
53.355
53.585
54.575
54.485
55.255
55.055
54.745
54.540
54.530
54.215
54.165
53.960
53.945
54.030
54.075
54.425
54.290
53.795
54.180
54.325
55.105
55.660
55.290
55.555
55.530
54.880
54.815
54.480
54.505
54.955
55.110
55.270
55.390
55.325
54.400
54.815
54.815
54.910
54.225
54.080
54.345
54.315
54.650
54.630
54.195
54.195
53.335
53.115
53.590
54.210
54.100
54.035
54.710
54.580
54.075
54.215
53.335
53.230
53.305
53.455
53.380
52.845
52.660
52.470
52.825
53.660
53.820
53.980
54.010
53.645
53.705
53.995
53.970
54.410
54.375
55.360
54.895
54.425
54.425
54.610
54.610
54.545
54.495
54.570
54.095
53.855
53.715
53.825
53.925
53.955
53.810
54.405
54.420
54.025
53.720
53.875
53.750
54.590
54.765
54.545
54.490
54.530
54.395
54.365
55.140
55.065
54.815
54.800
55.395
55.190
55.790
56.095
55.730
55.875
55.995
55.560
54.605
54.665
54.520
54.405
54.405
54.790
55.135
54.925
55.240
55.250
55.395
55.500
55.940
55.930
55.635
55.615
56.010
55.675
55.725
55.775
55.410
54.625
54.490
54.715
54.840
54.775
55.375
55.275
55.075
54.785
54.590
54.575
54.865
54.650
54.470
54.530
54.330
54.390
53.885
53.775
53.770
53.575
53.595
53.645
53.385
53.145
53.205
52.930
52.880
53.345
53.685
54.490
55.410
55.440
54.615
55.020
55.255
55.535
54.935
54.515
55.060
55.030
54.235
54.175
53.855
53.750
53.105
52.595
52.455
51.475
51.645
51.690
51.955
52.460
51.865
51.810
52.075
51.865
51.900
52.020
52.420
52.870
52.605
52.620
52.725
53.050
52.425
53.035
52.320
52.405
52.415
52.530
52.560
52.570
52.155
52.515
52.410
52.865
53.075
52.670
53.285
53.420
53.130
53.030
52.525
52.460
53.055
52.840
53.460
53.940
54.640
54.615
55.115
55.015
55.530
55.065
54.825
55.510
55.450
55.175
54.355
54.330
54.985
55.085
55.005
55.065
55.020
55.185
55.295
55.355
56.330
56.265
55.780
55.740
55.645
55.850
55.115
54.370
54.390
54.370
54.290
54.585
55.180
54.995
55.765
55.875
55.805
55.715
55.320
54.405
54.125
54.240
54.205
54.140
54.450
54.450
54.425
54.175
54.445
53.920
53.595
54.580
54.635
54.435
54.265
53.940
53.975
54.035
53.525
53.205
53.200
53.575
54.465
54.530
55.275
54.790
54.790
55.010
55.055
55.245
55.000
55.055
54.070
54.285
54.375
54.355
54.500
54.525
53.645
53.980
54.885
54.855
53.945
54.190
53.755
53.210
53.245
53.235
53.965
53.935
53.910
53.895
54.045
54.030
54.205
53.800
53.575
53.915
53.430
53.400
53.265
53.265
52.705
52.715
52.770
52.775
52.285
52.225
52.195
52.155
52.155
52.130
52.175
51.945
52.330
52.920
52.325
52.515
53.120
53.180
52.995
53.510
54.045
53.875
53.725
54.580
55.160
56.020
56.490
56.780
56.620
56.685
56.560
56.495
56.475
56.505
56.295
56.225
56.215
55.685
55.395
54.525
54.270
54.180
54.190
54.630
54.470
54.255
55.220
55.645
55.240
55.325
55.270
56.250
56.200
55.325
54.990
55.030
55.005
55.845
55.980
55.890
55.705
55.275
55.270
55.485
55.185
55.335
55.350
55.205
55.265
54.545
54.515
54.400
54.910
54.360
53.990
53.745
53.730
53.770
53.825
53.820
53.880
54.170
54.305
53.955
54.035
53.505
53.355
53.465
53.820
53.875
53.790
54.035
54.670
55.150
54.760
54.855
54.200
53.785
53.820
54.815
54.630
54.795
54.270
54.960
55.125
54.435
54.500
54.395
54.235
54.330
53.370
53.470
53.960
54.040
53.975
54.585
54.540
54.615
53.740
54.695
55.340
55.205
55.325
55.205
55.145
55.035
55.360
55.520
56.230
55.935
55.075
55.050
54.395
54.380
54.325
54.455
54.490
54.590
54.540
54.700
54.950
54.860
54.410
53.575
53.660
53.725
54.420
54.090
54.000
53.070
53.035
53.050
53.050
52.955
53.070
52.755
52.925
53.870
53.915
53.665
52.730
52.705
51.855
51.815
52.010
52.440
52.700
52.530
53.515
52.665
52.830
53.430
53.275
53.320
53.380
53.915
54.885
54.545
54.260
54.450
54.490
54.295
54.270
54.700
54.660
54.475
53.565
53.715
53.925
53.980
54.485
54.560
54.430
55.170
55.235
54.935
55.860
56.080
56.030
56.140
56.175
56.175
56.440
56.375
56.450
56.470
56.680
56.490
56.660
56.810
56.865
57.025
56.550
56.135
56.220
56.990
56.450
57.175
57.630
57.100
56.385
56.385
56.985
56.270
55.745
54.840
54.320
54.375
54.920
54.885
55.230
55.435
55.385
55.885
56.840
56.810
57.065
57.195
58.020
57.905
57.195
57.065
57.115
56.460
56.440
56.465
55.540
55.205
55.050
54.960
54.825
54.560
54.810
55.030
55.395
56.310
56.495
56.635
56.700
56.825
57.015
57.020
58.005
57.940
58.930
58.915
58.840
58.865
58.390
58.600
58.470
59.265
58.945
59.030
59.315
59.150
59.170
58.990
59.885
59.960
60.035
60.280
60.135
60.505
60.420
60.410
60.450
60.500
59.975
60.175
60.150
60.065
59.255
58.485
58.250
57.965
57.780
57.750
56.855
56.610
56.225
55.825
55.610
54.725
55.200
54.995
54.950
54.975
55.260
55.100
55.415
55.330
54.595
54.460
54.195
53.540
53.420
53.335
53.735
52.820
52.155
51.545
51.715
51.805
51.850
51.935
51.730
51.685
51.285
51.725
51.850
51.825
51.755
51.940
52.935
53.185
53.660
54.475
54.580
54.170
54.005
54.030
54.140
53.985
53.915
53.845
52.970
52.940
53.060
53.040
53.295
53.340
53.395
53.440
53.285
53.665
53.860
52.945
53.445
53.280
53.315
53.450
53.510
53.435
53.335
52.715
52.730
52.455
51.755
51.740
51.615
50.890
50.940
51.195
50.985
51.030
51.045
50.975
50.490
50.780
51.035
50.965
50.980
50.880
51.055
51.165
51.135
51.480
51.320
51.800
51.600
51.625
52.015
52.180
52.655
52.670
51.985
52.065
52.950
52.910
52.985
52.985
52.640
52.695
52.640
52.980
53.225
53.450
53.560
53.575
53.645
54.325
54.480
54.340
54.715
54.040
54.150
53.635
53.340
53.410
53.570
54.345
53.780
53.515
53.645
53.565
53.590
53.805
53.260
54.190
54.230
54.015
54.255
53.990
53.380
53.370
53.765
53.640
52.720
53.705
53.680
53.720
53.570
53.850
53.880
53.755
54.065
54.085
54.155
54.470
54.870
54.205
54.360
54.200
53.905
52.945
52.895
52.255
52.150
52.520
52.255
52.305
51.440
51.220
50.225
50.270
50.305
50.440
50.515
50.310
50.305
50.460
50.255
51.000
51.710
51.460
51.340
51.320
50.355
50.270
51.090
50.860
50.890
50.675
50.640
50.855
51.155
51.230
51.755
52.350
52.375
52.030
52.210
52.815
53.100
54.065
54.325
54.335
54.570
54.650
54.695
54.655
54.665
54.825
54.325
54.345
54.340
54.195
54.890
55.055
54.775
54.755
55.360
55.360
55.460
55.375
55.330
56.275
55.830
56.165
56.905
56.720
56.420
56.250
56.615
56.570
56.450
56.215
56.570
56.135
56.175
56.300
56.250
56.365
55.370
55.025
55.465
54.475
55.080
55.085
55.005
55.020
54.930
55.605
55.750
55.570
55.895
55.975
56.075
56.200
56.110
56.100
56.035
56.055
56.210
55.850
55.565
55.910
55.385
55.560
56.365
56.105
55.955
56.570
57.440
57.450
57.135
57.490
57.235
57.740
57.780
57.715
58.650
58.575
58.620
58.600
57.735
58.010
57.890
57.440
57.075
57.060
56.820
56.515
57.320
57.185
57.655
57.135
58.015
58.125
57.550
57.380
56.955
56.060
55.325
56.215
56.325
56.025
55.145
55.020
54.990
55.660
55.640
55.650
55.685
55.725
55.540
55.515
55.365
55.095
55.025
54.095
53.885
53.780
53.525
53.225
53.375
52.935
53.655
53.670
53.530
53.015
52.960
52.955
52.775
53.760
53.830
53.360
53.515
52.560
53.100
53.905
53.830
53.580
53.435
53.420
52.860
52.965
53.000
52.300
53.290
53.475
53.475
53.080
52.980
