-1.300
-1.150
-1.100
-1.175
-1.220
-1.250
-1.300
-1.262
-1.289
-1.270
-1.245
-1.225
-1.208
-1.193
-1.207
-1.137
-1.129
-1.067
-1.063
-1.060
-1.057
-1.073
-1.070
-1.071
-1.068
-1.065
-1.063
-1.061
-1.066
-1.070
-1.068
-1.084
-1.088
-1.085
-1.083
-1.081
-1.084
-1.082
-1.090
-1.093
-1.090
-1.088
-1.093
-1.098
-1.096
-1.093
-1.096
-1.094
-1.071
-1.070
-1.069
-1.067
-1.066
-1.065
-1.069
-1.068
-1.067
-1.071
-1.071
-1.070
-1.069
-1.068
-1.051
-1.053
-1.052
-1.053
-1.052
-1.054
-1.054
-1.053
-1.052
-1.053
-1.055
-1.058
-1.057
-1.057
-1.056
-1.055
-1.056
-1.055
-1.054
-1.041
-1.041
-1.044
-1.053
-1.052
-1.054
-1.058
-1.051
-1.050
-1.049
-1.050
-1.053
-1.052
-1.052
-1.055
-1.044
-1.044
-1.043
-1.045
-1.050
-1.050
-1.051
-1.051
-1.053
-1.055
-1.054
-1.059
-1.059
-1.060
-1.061
-1.052
-1.051
-1.052
-1.051
-1.053
-1.053
-1.053
-1.052
-1.056
-1.059
-1.058
-1.058
-1.057
-1.057
-1.056
-1.057
-1.058
-1.057
-1.057
-1.057
-1.057
-1.059
-1.059
-1.059
-1.064
-1.065
-1.067
-1.066
-1.066
-1.065
-1.065
-1.064
-1.064
-1.067
-1.068
-1.067
-1.067
-1.066
-1.059
-1.052
-1.052
-1.054
-1.055
-1.055
-1.055
-1.055
-1.054
-1.054
-1.054
-1.053
-1.053
-1.054
-1.054
-1.053
-1.056
-1.056
-1.055
-1.055
-1.055
-1.054
-1.054
-1.048
-1.048
-1.047
-1.047
-1.049
-1.048
-1.048
-1.049
-1.049
-1.049
-1.050
-1.045
-1.044
-1.048
-1.048
-1.050
-1.050
-1.051
-1.051
-1.053
-1.053
-1.053
-1.053
-1.053
-1.048
-1.047
-1.048
-1.048
-1.046
-1.046
-1.046
-1.045
-1.045
-1.046
-1.044
-1.044
-1.042
-1.042
-1.043
-1.043
-1.045
-1.046
-1.046
-1.051
-1.051
-1.056
-1.057
-1.058
-1.060
-1.058
-1.058
-1.058
-1.058
-1.060
-1.059
-1.060
-1.059
-1.059
-1.059
-1.058
-1.058
-1.058
-1.058
-1.053
-1.048
-1.048
-1.046
-1.040
-1.040
-1.040
-1.038
-1.038
-1.038
-1.038
-1.037
-1.037
-1.042
-1.042
-1.042
-1.043
-1.043
-1.044
-1.043
-1.043
-1.043
-1.043
-1.042
-1.044
-1.044
-1.040
-1.044
-1.043
-1.043
-1.043
-1.043
-1.043
-1.044
-1.045
-1.045
-1.045
-1.046
-1.045
-1.046
-1.043
-1.043
-1.039
-1.038
-1.040
-1.041
-1.046
-1.046
-1.044
-1.041
-1.046
-1.045
-1.043
-1.048
-1.048
-1.051
-1.051
-1.053
-1.053
-1.048
-1.042
-1.048
-1.048
-1.048
-1.046
-1.043
-1.038
-1.038
-1.038
-1.036
-1.035
-1.035
-1.032
-1.032
-1.031
-1.032
-1.036
-1.036
-1.036
-1.036
-1.036
-1.038
-1.038
-1.038
-1.036
-1.038
-1.038
-1.038
-1.033
-1.033
-1.033
-1.032
-1.026
-1.026
-1.026
-1.026
-1.018
-1.016
-1.016
-1.016
-1.014
-1.013
-1.012
-1.012
-1.013
-1.013
-1.014
-1.014
-1.014
-1.012
-1.011
-1.011
-1.007
-1.008
-1.013
-1.018
-1.020
-1.018
-1.018
-1.018
-1.019
-1.019
-1.019
-1.019
-1.020
-1.022
-1.023
-1.022
-1.023
-1.023
-1.022
-1.023
-1.024
-1.024
-1.024
-1.024
-1.026
-1.031
-1.031
-1.031
-1.032
-1.031
-1.031
-1.031
-1.032
-1.032
-1.032
-1.030
-1.039
-1.041
-1.038
-1.038
-1.036
-1.036
-1.036
-1.034
-1.033
-1.032
-1.032
-1.032
-1.032
-1.036
-1.036
-1.031
-1.030
-1.031
-1.030
-1.031
-1.032
-1.030
-1.027
-1.029
-1.023
-1.023
-1.023
-1.022
-1.022
-1.019
-1.019
-1.020
-1.018
-1.019
-1.020
-1.019
-1.018
-1.016
-1.016
-1.017
-1.017
-1.016
-1.015
-1.015
-1.012
-1.014
-1.012
-1.012
-1.011
-1.010
-1.005
-1.005
-1.010
-1.014
-1.014
-1.010
-1.018
-1.018
-1.018
-1.020
-1.020
-1.020
-1.019
-1.022
-1.027
-1.028
-1.028
-1.033
-1.032
-1.032
-1.032
-1.032
-1.034
-1.034
-1.034
-1.034
-1.033
-1.037
-1.042
-1.042
-1.038
-1.038
-1.039
-1.039
-1.038
-1.036
-1.036
-1.036
-1.038
-1.037
-1.038
-1.037
-1.041
-1.043
-1.048
-1.048
-1.046
-1.045
-1.045
-1.045
-1.047
-1.046
-1.042
-1.043
-1.044
-1.042
-1.042
-1.040
-1.039
-1.036
-1.036
-1.042
-1.045
-1.046
-1.046
-1.046
-1.046
-1.046
-1.051
-1.052
-1.052
-1.052
-1.054
-1.054
-1.054
-1.054
-1.054
-1.053
-1.054
-1.055
-1.058
-1.058
-1.056
-1.055
-1.054
-1.054
-1.055
-1.051
-1.051
-1.051
-1.055
-1.057
-1.057
-1.057
-1.058
-1.060
-1.060
-1.060
-1.067
-1.068
-1.068
-1.068
-1.067
-1.067
-1.067
-1.067
-1.066
-1.067
-1.065
-1.066
-1.067
-1.067
-1.064
-1.067
-1.071
-1.072
-1.072
-1.072
-1.071
-1.072
-1.067
-1.067
-1.065
-1.065
-1.065
-1.067
-1.067
-1.065
-1.058
-1.060
-1.059
-1.059
-1.057
-1.058
-1.052
-1.052
-1.052
-1.052
-1.051
-1.052
-1.052
-1.052
-1.051
-1.055
-1.055
-1.055
-1.053
-1.048
-1.050
-1.051
-1.047
-1.041
-1.040
-1.042
-1.042
-1.042
-1.042
-1.042
-1.042
-1.042
-1.042
-1.044
-1.048
-1.050
-1.050
-1.054
-1.056
-1.056
-1.056
-1.056
-1.054
-1.054
-1.056
-1.053
-1.053
-1.054
-1.058
-1.058
-1.058
-1.058
-1.059
-1.060
-1.061
-1.061
-1.060
-1.057
-1.057
-1.056
-1.056
-1.056
-1.052
-1.052
-1.054
-1.055
-1.058
-1.056
-1.056
-1.056
-1.056
-1.057
-1.062
-1.062
-1.062
-1.062
-1.063
-1.069
-1.069
-1.068
-1.068
-1.067
-1.066
-1.066
-1.066
-1.064
-1.058
-1.058
-1.058
-1.054
-1.058
-1.058
-1.064
-1.062
-1.061
-1.063
-1.062
-1.062
-1.062
-1.058
-1.058
-1.058
-1.062
-1.063
-1.062
-1.062
-1.062
-1.063
-1.058
-1.059
-1.059
-1.057
-1.055
-1.056
-1.054
-1.043
-1.043
-1.044
-1.040
-1.039
-1.040
-1.040
-1.038
-1.038
-1.036
-1.037
-1.038
-1.034
-1.034
-1.034
-1.033
-1.033
-1.035
-1.034
-1.035
-1.035
-1.035
-1.035
-1.035
-1.035
-1.035
-1.034
-1.034
-1.035
-1.033
-1.033
-1.035
-1.036
-1.036
-1.036
-1.034
-1.034
-1.032
-1.033
-1.038
-1.037
-1.039
-1.039
-1.038
-1.038
-1.038
-1.038
-1.040
-1.030
-1.032
-1.034
-1.041
-1.038
-1.039
-1.039
-1.039
-1.038
-1.040
-1.028
-1.028
-1.024
-1.024
-1.024
-1.025
-1.026
-1.026
-1.026
-1.026
-1.024
-1.018
-1.016
-1.016
-1.014
-1.016
-1.017
-1.017
-1.010
-1.016
-1.016
-1.016
-1.016
-1.016
-1.010
-1.010
-1.011
-1.016
-1.014
-1.016
-1.016
-1.016
-1.014
-1.020
-1.020
-1.020
-1.020
-1.020
-1.014
-1.014
-1.014
-1.013
-1.009
-1.012
-1.012
-1.012
-1.011
-1.010
-1.009
-1.009
-1.009
-1.009
-1.007
-1.006
-1.006
-1.002
-1.002
-1.002
-1.003
-1.003
-1.004
-1.000
-0.998
-1.000
-1.006
-1.005
-1.005
-1.005
-1.004
-1.004
-1.004
-1.005
-1.005
-1.012
-1.012
-1.010
-1.011
-1.012
-1.012
-1.009
-1.006
-1.006
-1.004
-1.004
-1.008
-1.008
-1.008
-1.003
-1.004
-1.006
-1.006
-1.004
-1.004
-1.003
-1.003
-1.003
-1.003
-1.003
-1.003
-1.003
-1.003
-1.006
-1.001
-1.000
-0.999
-0.997
-0.997
-0.997
-0.998
-0.993
-0.993
-0.994
-0.993
-0.993
-0.994
-0.997
-0.992
-0.985
-0.985
-0.974
-0.970
-0.970
-0.969
-0.971
-0.970
-0.970
-0.969
-0.970
-0.972
-0.972
-0.968
-0.968
-0.970
-0.970
-0.970
-0.974
-0.974
-0.974
-0.974
-0.975
-0.976
-0.973
-0.977
-0.978
-0.977
-0.983
-0.984
-0.985
-0.985
-0.987
-0.987
-0.987
-0.985
-0.984
-0.990
-0.991
-0.991
-0.991
-0.992
-0.990
-0.990
-0.990
-0.990
-0.990
-0.989
-0.990
-0.993
-0.994
-0.995
-0.996
-0.997
-1.000
-1.000
-0.999
-0.997
-0.992
-0.992
-0.988
-0.988
-0.988
-0.986
-0.982
-0.982
-0.980
-0.981
-0.978
-0.978
-0.978
-0.978
-0.976
-0.985
-0.982
-0.980
-0.978
-0.978
-0.977
-0.977
-0.978
-0.979
-0.980
-0.987
-0.986
-0.992
-0.993
-0.994
-0.993
-0.992
-0.995
-0.996
-0.995
-0.990
-1.000
-1.000
-0.999
-1.002
-0.999
-0.998
-0.993
-0.998
-0.998
-0.998
-0.998
-0.998
-0.998
-1.002
-1.000
-1.001
-1.001
-1.000
-0.998
-0.998
-0.998
-0.998
-0.998
-0.998
-0.998
-0.998
-0.998
-1.003
-1.009
-1.010
-1.009
-1.010
-1.008
-1.008
-1.012
-1.018
-1.018
-1.017
-1.016
-1.022
-1.022
-1.026
-1.028
-1.028
-1.032
-1.036
-1.035
-1.035
-1.030
-1.029
-1.030
-1.030
-1.030
-1.019
-1.019
