-14.500
-10.100
-11.933
-13.400
-2.180
3.833
4.514
12.313
8.722
23.560
20.500
18.775
22.646
27.693
28.987
27.163
24.712
25.528
23.132
25.265
30.286
28.200
32.130
30.829
34.736
38.131
36.019
35.943
36.859
35.587
35.852
38.747
38.867
39.562
37.954
42.456
40.827
41.368
45.436
46.220
49.166
47.624
46.512
46.200
44.998
44.374
43.004
44.877
43.553
42.942
42.031
42.002
40.936
39.889
41.560
41.698
40.635
41.676
40.724
43.378
42.592
43.711
42.787
42.064
41.600
41.000
40.221
39.643
39.209
38.661
38.703
40.943
41.464
40.678
40.060
39.704
41.671
41.022
41.503
40.789
40.595
42.539
44.343
43.617
42.881
42.150
42.131
41.425
40.957
41.404
40.863
40.345
39.909
39.833
39.249
39.939
39.343
39.131
39.656
39.433
40.315
39.864
40.692
40.595
40.605
42.108
43.255
44.136
43.992
43.450
44.246
44.694
44.647
44.167
43.771
43.269
42.916
42.392
42.367
41.921
41.409
41.041
42.074
41.777
42.190
41.722
41.765
41.935
41.498
41.321
41.961
42.300
43.080
42.651
43.360
43.590
43.326
44.462
44.101
45.214
46.312
46.705
46.300
46.130
46.235
45.947
45.529
46.572
46.126
46.667
46.277
46.043
45.612
45.843
45.425
45.408
45.496
45.513
46.484
46.069
45.699
45.708
45.636
45.805
46.227
45.848
45.592
46.511
46.189
45.935
46.244
45.917
46.299
46.310
47.131
47.875
47.523
47.458
47.512
47.363
47.240
47.233
46.866
46.538
47.368
47.023
46.676
46.345
45.994
45.716
46.328
47.129
47.465
47.185
47.032
46.735
46.430
46.339
46.260
46.028
46.033
46.231
47.194
47.205
47.040
46.880
46.963
46.842
47.161
46.523
47.573
48.206
48.255
47.705
47.414
47.414
47.777
47.650
48.041
48.712
47.986
48.123
47.458
47.755
47.034
46.363
46.644
46.380
46.440
46.473
46.622
45.973
45.665
45.252
45.318
44.229
44.917
44.587
43.503
43.173
42.315
42.937
43.514
43.624
43.635
44.108
44.499
44.229
44.675
44.988
45.709
45.489
45.472
45.544
44.994
44.768
45.115
44.548
44.691
43.685
44.207
43.580
44.653
44.867
45.010
45.021
44.988
44.983
45.406
45.698
46.490
45.731
45.291
45.802
46.061
45.814
44.802
44.796
45.401
46.166
45.951
45.055
44.202
44.263
44.290
44.582
44.571
44.730
44.769
44.488
44.450
44.532
44.455
44.593
44.620
44.807
45.044
45.308
44.818
45.231
44.620
44.576
43.762
43.652
44.026
42.981
42.288
41.738
41.513
41.502
40.748
41.062
40.803
41.425
41.469
41.645
41.535
41.546
41.353
42.255
42.332
42.486
41.601
41.392
41.029
41.057
41.821
41.475
41.513
41.832
41.211
40.947
40.490
40.985
40.886
40.518
40.518
39.863
39.792
39.033
38.631
38.175
38.466
38.290
38.015
38.004
38.010
36.970
38.070
37.751
37.834
37.696
38.587
38.092
39.187
39.038
38.703
38.912
38.912
39.456
39.632
39.759
39.588
39.121
38.472
38.708
38.664
37.735
37.680
38.664
38.257
38.318
37.691
37.350
36.574
35.623
35.777
35.815
35.518
35.408
36.085
35.760
36.860
36.943
36.134
36.189
36.189
36.200
36.316
36.360
35.964
35.881
35.672
36.668
37.102
37.856
38.004
38.862
39.115
39.077
39.044
38.796
37.856
38.934
38.928
38.961
38.774
38.884
38.697
38.477
37.405
37.773
37.515
37.828
37.927
38.274
38.455
38.334
38.923
37.834
37.966
37.944
38.384
38.978
38.972
39.110
38.840
38.846
38.499
39.473
40.105
40.364
41.458
41.722
41.744
41.909
41.392
41.623
42.707
42.701
42.646
42.036
41.975
42.454
42.690
42.377
42.652
42.261
42.322
41.876
41.112
42.129
42.135
42.041
42.267
42.146
41.865
41.827
41.766
42.773
42.421
43.114
42.025
42.228
41.981
42.432
42.635
43.108
43.636
43.818
42.773
42.745
43.262
42.778
42.547
43.729
44.021
44.098
43.119
43.207
43.955
44.246
44.268
44.202
44.191
44.197
44.076
43.993
43.856
44.131
44.620
44.708
44.840
44.488
45.044
44.235
44.153
44.796
45.187
45.632
46.600
46.633
47.821
47.700
47.145
47.700
47.502
47.277
47.761
48.256
49.350
49.202
49.378
48.943
48.833
48.641
48.685
48.696
48.663
47.744
48.157
47.937
47.992
48.200
49.097
49.163
48.233
48.651
48.987
48.492
48.398
48.866
48.673
48.569
48.877
48.800
48.811
48.629
48.833
48.937
49.339
49.597
50.362
50.340
50.285
50.367
50.659
51.104
50.048
49.845
49.883
49.905
49.036
49.163
48.838
48.712
49.047
48.497
47.425
47.100
46.902
46.523
46.517
46.605
46.671
47.518
47.557
47.568
48.140
47.067
47.590
47.947
47.947
48.024
47.986
47.975
48.299
48.651
48.574
48.833
48.167
48.673
48.646
48.635
48.371
48.503
48.492
48.470
48.706
48.761
48.255
48.338
48.783
48.470
47.920
47.986
48.019
47.012
47.606
47.716
47.755
48.354
48.321
47.359
47.782
47.678
47.788
47.876
48.068
48.167
48.162
47.826
47.683
47.441
47.898
48.145
48.195
48.162
47.524
47.617
47.650
47.513
47.249
46.380
46.688
46.512
47.595
47.661
48.123
47.078
46.231
46.154
45.736
45.929
45.863
45.802
45.736
45.445
44.263
44.125
44.219
44.450
44.175
44.422
44.769
44.961
44.736
44.873
44.983
44.978
46.039
45.154
45.429
45.467
45.066
45.385
45.792
46.160
46.314
45.275
45.264
45.638
45.880
45.440
45.517
46.045
45.885
45.852
44.967
44.455
44.428
44.125
43.790
44.483
44.395
43.553
43.493
44.466
44.400
43.575
43.080
42.591
42.508
42.503
43.135
43.938
44.191
44.142
44.153
43.988
44.158
44.406
44.543
44.752
44.307
44.615
44.450
43.707
44.059
43.146
42.107
42.492
41.507
42.585
42.481
41.931
42.327
42.992
42.976
42.679
41.485
41.155
41.628
41.391
41.518
41.595
42.651
43.173
44.202
45.274
44.972
45.687
46.677
47.650
46.649
46.996
47.524
47.034
46.638
47.458
47.383
46.723
46.607
46.261
45.342
46.343
46.327
45.969
45.776
45.353
44.462
44.792
44.638
44.858
44.825
44.715
45.496
44.890
44.851
44.648
44.895
44.950
45.126
45.286
45.000
45.489
46.193
46.226
47.002
46.875
47.051
47.618
47.816
48.360
48.591
47.596
47.497
47.596
47.266
47.700
48.091
47.860
48.300
48.828
48.883
48.982
49.576
49.312
49.301
50.043
49.922
49.658
48.597
48.635
49.372
49.543
49.548
50.637
50.962
51.017
51.396
50.296
49.521
48.789
49.477
48.657
48.613
48.993
48.459
49.185
49.152
48.927
49.433
49.664
49.202
49.691
49.455
48.976
49.713
50.395
50.445
50.230
50.379
50.340
49.677
49.198
48.885
49.506
49.517
49.523
50.056
49.956
49.846
49.764
49.472
49.555
48.537
48.884
48.405
48.378
48.598
48.647
47.965
47.949
47.976
47.954
48.845
48.939
49.219
49.263
49.169
48.988
48.652
47.574
47.899
47.365
47.519
48.377
47.789
47.976
47.189
47.222
47.712
47.690
48.036
47.855
47.591
47.299
47.140
47.107
47.822
47.349
48.196
48.559
48.691
48.366
48.834
48.476
48.542
48.553
48.581
49.670
49.648
49.505
49.736
49.901
49.670
48.977
49.010
49.296
49.186
49.681
49.538
49.835
49.191
48.432
48.691
48.988
49.373
49.356
48.867
48.735
49.384
49.169
49.125
49.010
49.895
50.561
50.258
50.269
50.995
50.792
51.221
50.148
50.231
50.588
50.059
49.383
49.641
50.532
51.726
52.419
51.754
52.854
52.722
53.409
53.019
53.140
52.216
51.242
51.325
50.692
50.692
49.625
49.609
49.229
48.701
48.740
48.740
48.008
48.072
48.199
48.182
48.166
48.617
48.485
48.468
48.612
48.986
49.101
49.222
48.826
47.974
47.968
48.276
48.573
47.539
48.503
48.514
48.882
48.547
48.541
48.360
48.200
48.442
47.964
47.271
47.359
47.111
48.118
48.332
47.700
47.573
47.942
48.041
48.112
48.321
48.090
48.657
48.266
47.551
47.337
47.535
47.029
46.831
46.616
46.616
46.336
46.341
45.335
45.236
45.098
45.676
45.907
45.230
45.093
45.758
44.779
44.334
44.493
44.691
44.884
44.834
44.895
45.236
45.197
45.082
45.709
46.000
45.170
