-2.000
-2.000
-2.000
-2.325
-2.240
-2.183
-2.157
-2.138
-2.267
-2.190
-2.209
-2.125
-2.031
-2.029
-2.027
-2.019
-2.076
-2.072
-2.111
-2.080
-2.076
-2.109
-2.104
-2.121
-2.116
-2.169
-2.215
-2.207
-2.200
-2.177
-2.171
-2.194
-2.158
-2.153
-2.146
-2.142
-2.130
-2.166
-2.159
-2.180
-2.176
-2.171
-2.156
-2.150
-2.169
-2.165
-2.191
-2.188
-2.173
-2.168
-2.178
-2.175
-2.172
-2.187
-2.184
-2.171
-2.177
-2.174
-2.171
-2.160
-2.170
-2.184
-2.197
-2.192
-2.189
-2.202
-2.199
-2.196
-2.190
-2.187
-2.185
-2.182
-2.185
-2.174
-2.172
-2.170
-2.168
-2.171
-2.158
-2.150
-2.147
-2.150
-2.152
-2.149
-2.147
-2.134
-2.134
-2.144
-2.148
-2.147
-2.145
-2.147
-2.145
-2.148
-2.146
-2.146
-2.143
-2.141
-2.139
-2.155
-2.149
-2.147
-2.146
-2.149
-2.142
-2.141
-2.134
-2.132
-2.122
-2.121
-2.119
-2.118
-2.108
-2.105
-2.104
-2.102
-2.106
-2.105
-2.103
-2.098
-2.101
-2.099
-2.093
-2.088
-2.084
-2.078
-2.076
-2.079
-2.080
-2.075
-2.075
-2.073
-2.065
-2.070
-2.068
-2.071
-2.069
-2.067
-2.067
-2.066
-2.066
-2.060
-2.062
-2.056
-2.062
-2.060
-2.059
-2.059
-2.052
-2.051
-2.049
-2.044
-2.043
-2.045
-2.044
-2.042
-2.039
-2.035
-2.035
-2.041
-2.041
-2.040
-2.039
-2.038
-2.033
-2.037
-2.039
-2.039
-2.035
-2.023
-2.020
-2.017
-2.011
-2.007
-2.004
-1.997
-1.991
-1.987
-1.983
-1.980
-1.982
-1.981
-1.979
-1.976
-1.967
-1.967
-1.955
-1.945
-1.940
-1.926
-1.925
-1.920
-1.917
-1.914
-1.911
-1.905
-1.899
-1.894
-1.888
-1.887
-1.863
-1.855
-1.852
-1.843
-1.839
-1.834
-1.829
-1.824
-1.803
-1.802
-1.783
-1.779
-1.776
-1.773
-1.771
-1.768
-1.759
-1.749
-1.732
-1.727
-1.722
-1.711
-1.699
-1.685
-1.676
-1.667
-1.657
-1.641
-1.637
-1.634
-1.577
-1.560
-1.560
-1.555
-1.552
-1.548
-1.533
-1.509
-1.505
-1.495
-1.484
-1.475
-1.472
-1.468
-1.457
-1.452
-1.424
-1.407
-1.393
-1.388
-1.382
-1.369
-1.347
-1.341
-1.337
-1.328
-1.317
-1.314
-1.312
-1.298
-1.281
-1.262
-1.253
-1.246
-1.229
-1.214
-1.207
-1.191
-1.188
-1.183
-1.180
-1.178
-1.170
-1.163
-1.133
-1.130
-1.123
-1.116
-1.097
-1.096
-1.093
-1.077
-1.065
-1.056
-1.044
-1.043
-1.039
-1.024
-1.016
-1.016
-1.003
-0.993
-0.968
-0.949
-0.940
-0.933
-0.927
-0.918
-0.913
-0.892
-0.891
-0.888
-0.864
-0.855
-0.851
-0.848
-0.846
-0.833
-0.787
-0.775
-0.756
-0.723
-0.723
-0.719
-0.718
-0.704
-0.684
-0.677
-0.657
-0.655
-0.650
-0.626
-0.625
-0.611
-0.610
-0.606
-0.597
-0.586
-0.580
-0.572
-0.559
-0.548
-0.519
-0.511
-0.505
-0.480
-0.475
-0.464
-0.451
-0.446
-0.428
-0.428
-0.421
-0.418
-0.380
-0.378
-0.373
-0.367
-0.369
-0.366
-0.351
-0.350
-0.346
-0.338
-0.327
-0.314
-0.309
-0.308
-0.265
-0.249
-0.241
-0.210
-0.208
-0.204
-0.170
-0.161
-0.125
-0.115
-0.114
-0.119
-0.109
-0.106
-0.085
-0.081
-0.070
-0.062
-0.064
-0.060
-0.052
-0.046
-0.031
-0.015
-0.004
0.025
0.035
0.042
0.039
0.041
0.039
0.032
0.038
0.041
0.046
0.050
0.057
0.056
0.055
0.069
0.078
0.091
0.071
0.115
0.117
0.124
0.129
0.128
0.144
0.146
0.135
0.163
0.155
0.151
0.175
0.177
0.180
0.181
0.223
0.243
0.242
0.254
0.257
0.264
0.258
0.255
0.253
0.269
0.287
0.274
0.277
0.276
0.234
0.222
0.233
0.233
0.233
0.234
0.227
0.214
0.264
0.281
0.295
0.290
0.297
0.302
0.302
0.302
0.294
0.279
0.272
0.283
0.289
0.297
0.280
0.306
0.316
0.310
0.328
0.340
0.351
0.349
0.347
0.345
0.348
0.343
0.339
0.331
0.329
0.330
0.334
0.333
0.334
0.336
0.341
0.343
0.317
0.319
0.326
0.347
0.331
0.348
0.368
0.386
0.397
0.401
0.397
0.416
0.427
0.430
0.442
0.448
0.483
0.522
0.510
0.503
0.497
0.500
0.501
0.535
0.533
0.524
0.524
0.525
0.513
0.512
0.508
0.515
0.519
0.530
0.490
0.483
0.472
0.459
0.464
0.472
0.481
0.471
0.458
0.464
0.449
0.453
0.455
0.434
0.463
0.449
0.452
0.455
0.459
0.460
0.480
0.473
0.493
0.493
0.464
0.464
0.513
0.496
0.510
0.509
0.499
0.497
0.485
0.494
0.492
0.487
0.464
0.465
0.463
0.490
0.517
0.520
0.533
0.533
0.544
0.541
0.536
0.547
0.544
0.545
0.510
0.513
0.519
0.494
0.512
0.517
0.487
0.485
0.455
0.447
0.449
0.457
0.454
0.514
0.490
0.488
0.489
0.504
0.506
0.503
0.493
0.490
0.484
0.479
0.467
0.444
0.429
0.431
0.425
0.440
0.441
0.438
0.438
0.437
0.448
0.450
0.443
0.487
0.496
0.484
0.474
0.467
0.471
0.422
0.426
0.426
0.426
0.451
0.433
0.436
0.449
0.424
0.422
0.422
0.397
0.402
0.403
0.404
0.390
0.372
0.373
0.358
0.356
0.344
0.343
0.356
0.354
0.341
0.334
0.337
0.334
0.333
0.320
0.324
0.313
0.327
0.338
0.352
0.351
0.353
0.314
0.298
0.287
0.286
0.303
0.322
0.324
0.323
0.313
0.341
0.335
0.322
0.326
0.319
0.322
0.314
0.307
0.316
0.308
0.296
0.286
0.279
0.271
0.269
0.269
0.271
0.265
0.266
0.266
0.262
0.282
0.297
0.299
0.317
0.319
0.312
0.313
0.329
0.320
0.316
0.324
0.357
0.339
0.310
0.292
0.293
0.331
0.309
0.332
0.326
0.323
0.335
0.292
0.257
0.271
0.275
0.280
0.320
0.323
0.288
0.300
0.302
0.311
0.311
0.317
0.321
0.327
0.321
0.339
0.389
0.389
0.390
0.386
0.377
0.380
0.378
0.371
0.374
0.387
0.382
0.394
0.424
0.437
0.436
0.409
0.409
0.412
0.407
0.398
0.396
0.379
0.382
0.359
0.373
0.381
0.406
0.354
0.356
0.349
0.347
0.398
0.405
0.402
0.392
0.397
0.418
0.420
0.424
0.422
0.410
0.391
0.428
0.424
0.424
0.414
0.415
0.408
0.400
0.402
0.402
0.402
0.398
0.393
0.438
0.423
0.422
0.434
0.442
0.465
0.485
0.485
0.481
0.479
0.425
0.437
0.442
0.442
0.415
0.415
0.416
0.421
0.422
0.418
0.419
0.458
0.503
0.535
0.530
0.538
0.530
0.531
0.532
0.543
0.551
0.550
0.543
0.553
0.534
0.528
0.543
0.563
0.593
0.605
0.609
0.655
0.679
0.730
0.736
0.738
0.738
0.745
0.744
0.747
0.748
0.767
0.760
0.756
0.759
0.739
0.729
0.729
0.782
0.796
0.833
0.840
0.843
0.864
0.863
0.887
0.886
0.887
0.893
0.894
0.895
0.901
0.920
0.922
0.905
0.918
0.925
0.914
0.913
0.958
0.966
0.946
0.944
0.951
0.952
0.967
0.948
0.948
0.968
0.964
0.953
0.951
0.947
0.972
0.964
0.970
0.981
1.012
1.038
1.069
1.065
1.063
1.079
1.091
1.100
1.103
1.093
1.069
1.057
1.078
1.080
1.092
1.092
1.089
1.089
1.094
1.081
1.072
1.021
1.028
1.064
1.064
1.054
1.109
1.113
1.079
1.085
1.073
1.070
1.077
1.066
1.043
1.033
1.028
0.983
0.991
0.984
0.969
0.967
0.959
0.973
0.983
1.015
1.012
1.016
1.000
0.934
0.935
0.932
0.942
0.938
0.928
0.950
0.981
0.980
0.965
0.964
0.952
0.935
0.931
0.936
0.945
0.946
1.001
0.999
0.998
1.007
1.011
1.009
1.008
1.026
1.037
1.010
1.014
1.025
1.027
1.054
1.068
1.064
1.086
1.089
1.132
1.118
1.142
1.145
1.148
1.157
1.181
1.172
1.182
1.192
1.181
1.176
1.157
1.144
1.140
1.141
1.144
1.149
1.157
1.110
1.120
1.123
1.103
1.095
1.098
1.078
1.079
1.078
1.080
1.074
1.060
1.089
1.094
1.123
1.167
1.203
1.203
1.210
1.216
1.206
1.167
1.121
1.120
1.133
1.141
1.126
1.134
1.156
1.146
1.234
1.248
1.271
1.288
1.286
1.280
1.262
1.237
1.203
1.185
1.181
1.130
1.098
1.052
1.021
1.030
1.051
1.028
1.027
1.048
1.046
1.022
1.024
1.025
1.019
1.018
1.046
1.038
1.000
0.994
0.985
0.982
0.961
0.952
0.953
0.919
0.941
0.942
0.936
0.939
0.941
0.970
0.947
0.949
0.950
0.938
0.928
0.936
0.942
0.910
0.932
0.949
0.969
0.960
0.975
0.960
0.953
0.963
0.950
0.946
0.964
0.964
0.956
0.942
0.942
0.926
0.922
0.898
0.874
0.857
0.872
0.874
0.863
0.861
0.848
0.843
0.839
0.835
0.831
0.807
0.784
0.761
0.768
0.770
0.755
0.748
0.741
0.745
0.745
0.749
0.723
0.734
0.735
0.636
0.632
0.641
0.633
0.634
0.623
0.617
0.623
0.625
0.624
0.629
0.721
0.710
0.748
0.762
0.796
0.795
0.800
0.791
0.767
0.774
0.770
0.765
0.764
0.755
0.754
0.741
0.751
0.757
0.748
0.743
0.749
0.772
0.770
0.781
0.777
0.785
0.798
0.807
0.808
0.767
0.775
0.799
0.815
0.810
0.810
0.828
0.798
0.806
0.834
0.845
0.835
0.829
0.799
0.758
0.773
0.753
0.765
0.767
0.781
0.764
0.780
0.804
0.780
0.748
0.715
0.696
0.707
0.729
0.747
0.768
0.757
0.755
0.763
0.839
0.844
0.847
0.846
0.833
0.860
0.869
0.894
0.888
0.953
0.969
1.028
1.020
1.025
1.027
1.004
0.990
0.986
0.959
0.924
0.930
0.975
0.984
1.002
1.002
1.008
0.982
0.964
0.955
0.962
0.968
0.960
0.972
0.905
0.867
0.848
0.827
0.821
0.832
0.850
0.858
0.869
0.893
0.893
0.941
0.960
0.958
0.979
0.968
0.950
0.962
0.996
0.969
0.979
0.975
0.978
0.986
0.990
0.984
0.992
0.998
0.983
0.980
0.963
0.971
0.970
0.969
0.994
0.992
0.976
0.980
0.983
0.997
1.016
0.982
0.981
1.021
1.026
1.024
1.036
1.039
1.059
1.044
1.019
1.067
1.043
1.047
1.038
1.060
1.062
1.073
1.075
1.088
1.097
1.121
1.119
1.106
1.125
1.124
1.128
1.134
1.141
1.141
1.144
1.141
1.150
1.152
1.158
1.152
1.140
1.140
1.140
1.137
1.136
1.132
1.121
1.120
1.118
1.120
1.160
1.191
1.191
1.191
1.189
1.215
1.261
1.269
1.270
1.293
1.334
1.353
1.358
1.361
1.352
1.350
1.357
1.349
1.256
1.254
1.214
1.207
1.179
1.182
1.164
1.157
1.198
1.189
1.205
1.204
1.207
1.212
1.225
1.232
1.240
1.238
1.242
1.249
1.274
1.256
1.276
1.270
1.268
1.258
1.253
1.257
1.265
1.245
1.238
1.216
1.199
1.212
1.218
1.219
1.248
1.219
1.216
1.200
1.217
1.215
1.231
1.213
1.198
1.223
1.222
1.176
1.174
1.163
1.142
1.181
1.220
1.223
1.228
1.217
1.206
1.195
1.184
1.193
1.203
1.223
1.289
1.221
1.234
1.219
1.221
1.234
1.199
1.193
1.179
1.167
1.119
1.122
1.059
1.058
1.053
1.055
1.050
1.053
1.084
1.091
1.102
1.094
1.060
1.057
1.044
1.058
1.061
1.060
1.075
1.093
1.094
1.098
1.090
1.085
1.070
1.081
1.092
1.116
1.096
1.100
1.099
1.092
1.142
1.140
1.163
1.119
1.111
1.103
1.087
1.109
1.111
1.101
1.073
1.077
1.101
1.135
1.138
1.133
1.149
1.165
1.143
1.133
1.132
1.152
1.160
1.165
1.165
1.153
1.154
1.166
1.159
1.166
1.162
1.158
1.134
1.128
1.133
1.083
1.076
1.078
1.070
1.080
1.071
1.064
1.086
1.026
1.026
1.028
1.036
1.055
1.054
1.031
1.035
1.122
1.102
1.073
1.083
1.080
1.057
1.054
1.042
1.027
1.015
0.999
0.988
0.989
0.974
0.959
0.970
0.974
0.993
0.995
0.999
1.009
1.012
1.053
1.053
1.057
1.071
1.079
1.065
1.087
1.091
1.084
1.075
1.039
0.994
0.976
0.986
0.968
0.942
0.929
0.926
0.972
1.024
1.036
1.038
1.045
1.062
1.078
1.087
1.084
1.161
1.164
1.180
1.213
1.166
1.186
1.170
1.177
1.174
1.187
1.187
1.188
1.166
1.190
1.184
1.211
1.187
1.187
1.163
1.152
1.140
1.131
1.128
1.104
1.092
1.088
1.114
1.118
1.116
1.114
1.114
1.102
1.059
1.067
1.044
1.050
1.074
1.087
1.082
1.081
1.080
1.105
1.093
1.096
1.076
1.075
1.077
1.043
1.009
1.008
1.005
1.030
1.042
1.074
1.087
1.085
1.085
1.068
0.990
0.981
0.977
0.996
1.001
0.993
0.981
0.979
0.978
0.974
0.961
0.967
0.973
0.974
0.991
0.990
0.983
1.002
0.956
0.954
0.941
0.943
0.921
0.916
0.925
0.919
0.903
0.927
0.936
0.910
0.905
0.884
0.878
0.888
0.875
0.875
0.861
0.832
0.848
0.847
0.832
0.834
0.777
0.759
0.750
0.747
0.739
0.742
0.760
0.778
0.771
0.801
0.794
0.791
0.813
0.786
0.780
0.776
0.757
0.744
0.727
0.730
0.749
0.725
0.704
0.687
0.699
0.702
0.674
0.705
0.704
0.704
0.705
0.704
0.708
0.757
0.743
0.738
0.739
0.753
0.763
0.767
0.756
0.773
0.748
0.755
0.736
0.735
0.723
0.740
0.739
0.738
0.735
0.635
0.635
0.652
0.658
0.687
0.689
0.725
0.731
0.740
0.756
0.772
0.784
0.784
0.792
0.796
0.790
0.798
0.833
0.836
0.845
0.889
0.890
0.860
0.869
0.875
0.862
0.875
0.855
0.815
0.819
0.815
0.833
0.831
0.832
0.860
0.859
0.858
0.870
0.863
0.866
0.823
0.791
0.782
0.774
0.776
0.775
0.757
0.768
0.783
0.712
0.708
0.689
0.654
0.654
0.643
0.649
0.641
0.649
0.634
0.622
0.617
0.614
0.590
0.589
0.535
0.540
0.539
0.545
0.549
0.548
0.554
0.560
0.565
0.569
0.589
0.583
0.577
0.573
0.574
0.566
0.582
0.589
0.584
0.600
0.619
0.581
0.566
0.556
0.564
0.575
0.542
0.544
0.545
0.551
0.584
0.580
0.591
0.584
0.589
0.592
0.600
0.593
0.573
0.586
0.581
0.582
0.581
0.582
0.593
0.572
0.556
0.559
0.580
0.595
0.620
0.625
0.636
0.634
0.605
0.629
0.635
0.619
0.622
0.623
0.610
0.621
0.600
0.622
0.634
0.637
0.676
0.684
0.682
0.684
0.661
0.642
0.654
0.654
0.668
0.672
0.654
0.647
0.658
0.670
0.671
0.659
0.666
0.666
0.668
0.680
0.687
0.696
0.710
0.743
0.742
0.719
0.686
0.683
0.664
0.664
0.666
0.627
0.644
0.647
0.655
0.656
0.669
0.688
0.696
0.679
0.684
0.686
0.687
0.725
0.751
0.753
0.721
0.736
0.749
0.754
0.751
0.753
0.710
0.712
0.717
0.742
0.755
0.752
0.728
0.732
0.712
0.714
0.713
0.709
0.709
0.704
0.654
0.684
0.685
0.679
0.702
0.697
0.703
0.695
0.698
0.720
0.688
0.682
0.677
0.660
0.651
0.640
0.650
0.644
0.651
0.645
0.640
0.614
0.616
0.606
0.571
0.577
0.576
0.576
0.568
0.569
0.547
0.557
0.540
0.554
0.556
0.544
0.562
0.564
0.579
0.572
0.591
0.571
0.572
0.568
0.579
0.581
0.600
0.600
0.597
0.604
0.613
0.609
0.596
0.600
0.639
0.639
0.647
0.639
0.651
0.647
0.644
0.642
0.655
0.695
0.718
0.722
0.724
0.720
0.734
0.726
0.727
0.725
0.753
0.764
0.759
0.762
0.790
0.791
0.780
0.767
0.788
0.784
0.768
0.773
0.768
0.764
0.764
0.799
0.810
0.812
0.870
0.876
0.863
0.864
0.850
0.855
0.846
0.863
0.853
0.859
0.819
0.849
0.869
0.866
0.850
0.861
0.850
0.847
0.853
0.878
0.886
0.887
0.881
0.879
0.889
0.894
0.887
0.886
0.917
0.902
0.889
0.898
0.898
0.869
0.869
0.879
0.896
0.911
0.900
0.894
0.894
0.888
0.890
0.915
0.875
0.872
0.882
0.912
0.954
0.954
0.945
0.972
0.989
0.991
1.000
1.000
0.989
0.991
0.961
0.961
0.947
0.955
0.970
0.969
0.966
0.945
0.949
0.915
0.939
0.943
0.938
0.945
0.939
0.941
0.942
0.927
0.909
0.926
0.955
0.966
0.951
0.936
0.931
0.945
0.940
0.939
0.943
0.907
0.887
0.911
0.905
0.905
0.883
0.895
0.893
0.908
0.906
0.934
0.956
0.929
0.906
0.902
0.898
0.889
0.923
0.938
0.932
1.017
1.027
1.044
1.037
1.007
1.007
1.059
1.049
1.049
1.048
1.048
1.020
1.020
1.017
1.059
1.069
1.082
1.080
1.068
1.067
1.104
1.110
1.126
1.130
1.136
1.161
1.180
1.191
1.214
1.210
1.212
1.223
1.224
1.222
1.206
1.209
1.187
1.229
1.225
1.208
1.202
1.190
1.228
1.198
1.208
1.223
1.237
1.245
1.224
1.223
1.223
1.242
1.229
1.219
1.251
1.258
1.252
1.228
1.239
1.253
1.256
1.263
1.263
1.294
1.289
1.279
1.246
1.254
1.286
1.289
1.277
1.257
1.277
1.291
1.318
1.301
1.297
1.297
1.279
1.247
1.244
1.249
1.249
1.229
1.250
1.257
1.251
1.241
1.242
1.241
1.190
1.154
1.187
1.129
1.122
1.126
1.138
1.145
1.155
1.165
1.167
1.146
1.150
1.192
1.169
1.163
1.205
1.196
1.169
1.181
1.170
1.180
1.159
1.138
1.139
1.129
1.128
1.105
1.091
1.068
1.084
1.073
1.121
1.120
1.129
1.130
1.138
1.214
1.215
1.202
1.195
1.215
1.222
1.219
1.205
1.195
1.167
1.181
1.182
1.173
1.155
1.125
1.195
1.220
1.197
1.168
1.228
1.244
1.271
1.271
1.259
1.284
1.285
1.279
1.350
1.333
1.319
1.306
1.329
1.357
1.358
1.350
1.342
1.338
1.362
1.361
1.365
1.370
1.376
1.404
1.383
1.348
1.344
1.342
1.340
1.432
1.429
1.450
1.462
1.481
1.473
1.459
1.437
1.431
1.414
1.418
1.404
1.398
1.382
1.406
1.395
1.394
1.418
1.412
1.423
1.438
1.468
1.468
1.451
1.444
1.383
1.370
1.378
1.407
1.448
1.473
1.434
1.421
1.422
1.424
1.490
1.489
1.465
1.476
1.448
1.450
1.438
1.532
1.537
1.534
1.499
1.500
1.491
1.500
1.485
1.480
1.470
1.451
1.436
1.458
1.464
1.452
1.509
1.508
1.520
1.557
1.558
1.519
1.526
1.531
1.532
1.521
1.487
1.490
1.471
1.453
1.447
1.423
1.418
1.398
1.401
1.399
1.392
1.434
1.404
1.416
1.406
1.390
1.382
1.373
1.385
1.357
1.363
1.345
1.343
1.342
1.338
1.323
1.303
1.318
1.337
1.342
1.315
1.348
1.329
1.317
1.325
1.333
1.338
1.345
1.356
1.342
1.381
1.384
1.361
1.357
1.357
1.358
1.408
1.413
1.428
1.449
1.408
1.412
1.501
1.502
1.477
1.503
1.487
1.483
1.462
1.463
1.465
1.426
1.421
1.400
1.456
1.452
1.489
1.501
1.505
1.513
1.516
1.529
1.527
1.526
1.592
1.600
1.608
1.604
1.584
1.540
1.490
1.483
1.463
1.460
1.451
1.370
1.351
1.343
1.327
1.303
1.282
1.284
1.266
1.260
1.258
1.236
1.245
1.242
1.259
1.246
1.174
1.155
1.147
1.195
1.131
1.126
1.118
1.120
1.123
1.139
1.138
1.150
1.168
1.167
1.177
1.171
1.169
1.132
1.146
1.139
1.120
1.137
1.128
1.127
1.133
1.124
1.141
1.114
1.121
1.120
1.113
1.118
1.172
1.103
1.107
1.091
1.094
1.082
1.077
1.088
1.128
1.150
1.163
1.155
1.158
1.160
1.162
1.175
1.163
1.144
1.163
1.183
1.169
1.156
1.122
1.091
1.104
1.134
1.117
1.112
1.089
1.100
1.107
1.116
1.105
1.105
1.124
1.115
1.066
1.068
1.068
1.082
1.116
1.125
1.136
1.042
1.047
1.107
1.106
1.103
1.096
1.093
1.096
1.075
1.076
1.094
1.112
1.118
1.103
1.103
1.046
1.045
1.037
0.995
0.993
0.986
0.977
0.990
0.989
0.984
1.021
1.047
1.048
1.072
1.063
1.060
1.073
1.098
1.100
1.082
1.106
1.068
1.092
1.082
1.092
1.098
1.108
1.092
1.080
1.135
1.146
1.140
1.198
1.209
1.211
1.205
1.198
1.189
1.217
1.214
1.220
1.183
1.167
1.164
1.149
1.144
1.157
1.153
1.143
1.147
1.103
1.098
1.105
1.123
1.130
1.120
1.081
1.119
1.147
1.179
1.200
1.200
1.119
1.110
1.140
1.117
1.123
1.124
1.130
1.125
1.119
1.149
1.166
1.174
1.075
1.074
1.094
1.093
1.078
1.058
1.094
1.094
1.096
1.105
1.076
1.113
1.106
1.206
1.251
1.249
1.253
1.256
1.269
1.270
1.272
1.269
1.272
1.276
1.290
1.313
1.311
1.309
1.327
1.332
1.343
1.346
1.340
1.356
1.329
1.333
1.338
1.386
1.398
1.368
1.361
1.355
1.345
1.345
1.346
1.351
1.360
1.351
1.252
1.267
1.270
1.286
1.268
1.256
1.242
1.231
1.283
1.291
1.276
1.302
1.292
1.316
1.297
1.302
1.311
1.318
1.321
1.321
1.282
1.255
1.244
1.271
1.263
1.252
1.256
1.273
1.232
1.248
1.235
1.250
1.253
1.254
1.255
1.218
1.222
1.218
1.176
1.154
1.153
1.192
1.194
1.209
1.197
1.171
1.196
1.235
1.279
1.246
1.205
1.172
1.182
1.219
1.218
1.205
1.184
1.178
1.191
1.214
1.193
1.178
1.229
1.245
1.255
1.188
1.204
1.220
1.220
1.229
1.232
1.232
1.222
1.219
1.280
1.253
1.273
1.271
1.274
1.302
1.310
1.314
1.315
1.366
1.386
1.394
1.411
1.414
1.383
1.357
1.363
1.344
1.345
1.383
1.382
1.367
1.360
1.403
1.375
1.373
1.336
1.326
1.338
1.348
1.350
1.349
1.347
1.298
1.294
1.289
1.242
1.233
1.234
1.251
1.247
1.236
1.191
1.199
1.202
1.214
1.231
1.231
1.234
1.234
1.215
1.270
1.270
1.280
1.279
1.287
1.306
1.318
1.348
1.432
1.449
1.422
1.394
1.368
1.363
1.358
1.382
1.403
1.377
1.366
1.384
1.378
1.382
1.412
1.414
1.397
1.380
1.377
1.399
1.405
1.348
1.367
1.393
1.394
1.357
1.361
1.361
1.380
1.427
1.391
1.390
1.297
1.261
1.265
1.260
1.253
1.240
1.234
1.230
1.233
1.233
1.226
1.214
1.191
1.190
1.190
1.186
1.181
1.167
1.166
1.145
1.123
1.117
1.111
1.108
1.048
1.036
1.013
1.012
0.998
1.004
0.999
0.997
0.985
0.993
0.994
1.082
1.081
1.079
1.086
1.118
1.149
1.186
1.196
1.172
1.152
1.146
1.123
1.120
1.141
1.193
1.186
1.183
1.182
1.193
1.189
1.208
1.209
1.245
1.220
1.264
1.286
1.339
1.334
1.371
1.336
1.339
1.333
1.355
1.364
1.378
1.383
1.370
1.410
1.424
1.437
1.453
1.453
1.452
1.444
1.511
1.505
1.481
1.452
1.409
1.420
1.425
1.432
1.432
1.460
1.445
1.459
1.458
1.461
1.451
1.402
1.404
1.400
1.355
1.369
1.363
1.362
1.368
1.336
1.354
1.345
1.359
1.371
1.371
1.379
1.310
1.335
1.320
1.320
1.365
1.350
1.342
1.352
1.363
1.340
1.326
1.306
1.289
1.289
1.279
1.281
1.281
1.277
1.277
1.238
1.238
1.330
1.330
1.286
1.300
1.301
1.300
1.300
1.279
1.267
1.257
1.261
1.269
1.279
1.344
1.360
1.387
1.397
1.406
1.380
1.391
1.403
1.409
1.407
1.419
1.400
1.403
1.457
1.520
1.529
1.582
1.530
1.545
1.542
1.592
1.584
1.565
1.541
1.516
1.461
1.433
1.415
1.434
1.407
1.398
1.418
1.390
1.377
1.397
1.405
1.383
1.439
1.436
1.444
1.464
1.456
1.456
1.466
1.442
1.463
1.464
1.428
1.426
1.421
1.457
1.458
1.464
1.441
1.359
1.360
1.363
1.389
1.384
1.385
1.412
1.420
1.425
1.497
1.521
1.528
1.546
1.555
1.566
1.569
1.605
1.614
1.703
1.743
1.799
1.848
1.853
1.857
1.857
1.871
1.874
1.879
1.888
1.900
1.904
1.882
1.866
1.853
1.846
1.839
1.815
1.808
1.712
1.696
1.675
