-0.300
-0.450
-0.633
-0.100
0.180
0.783
0.929
0.775
0.544
0.380
0.445
0.342
0.392
0.621
0.507
0.525
0.418
0.400
0.311
0.220
0.238
0.223
0.170
0.133
0.064
0.065
0.100
0.057
0.076
0.087
0.052
0.022
0.000
0.050
0.009
-0.031
-0.049
-0.108
-0.144
-0.072
-0.073
-0.026
-0.049
-0.080
-0.109
-0.139
-0.130
-0.108
-0.055
-0.078
0.012
0.008
0.038
0.011
-0.007
-0.016
-0.033
-0.052
-0.066
-0.077
-0.098
-0.108
-0.125
-0.147
-0.143
-0.117
-0.118
-0.146
-0.155
-0.171
-0.190
-0.206
-0.219
-0.234
-0.249
-0.251
-0.260
-0.271
-0.278
-0.287
-0.296
-0.304
-0.312
-0.321
-0.318
-0.323
-0.334
-0.342
-0.344
-0.351
-0.354
-0.365
-0.360
-0.345
-0.352
-0.327
-0.339
-0.351
-0.363
-0.361
-0.369
-0.326
-0.330
-0.339
-0.319
-0.301
-0.307
-0.312
-0.310
-0.319
-0.315
-0.329
-0.340
-0.340
-0.350
-0.353
-0.353
-0.337
-0.334
-0.320
-0.310
-0.321
-0.326
-0.339
-0.336
-0.343
-0.317
-0.302
-0.297
-0.305
-0.306
-0.283
-0.255
-0.190
-0.193
-0.201
-0.192
-0.200
-0.193
-0.178
-0.187
-0.196
-0.165
-0.153
-0.159
-0.140
-0.144
-0.148
-0.157
-0.165
-0.164
-0.120
-0.127
-0.136
-0.126
-0.135
-0.140
-0.116
-0.086
-0.082
-0.081
-0.090
-0.098
-0.083
-0.069
-0.023
-0.011
-0.021
-0.022
-0.026
-0.025
-0.006
0.012
0.039
0.034
0.041
0.033
0.027
0.023
0.016
0.028
0.042
0.049
0.073
0.068
0.060
0.057
0.055
0.051
0.071
0.076
0.081
0.081
0.072
0.065
0.057
0.062
0.059
0.053
0.060
0.064
0.059
0.057
0.059
0.059
0.038
0.027
0.025
0.038
0.076
0.065
0.063
0.060
0.042
0.048
0.041
0.048
0.043
0.067
0.067
0.073
0.091
0.099
0.095
0.100
0.102
0.090
0.089
0.079
0.080
0.113
0.121
0.147
0.136
0.138
0.142
0.141
0.145
0.145
0.125
0.142
0.131
0.136
0.148
0.150
0.151
0.197
0.186
0.191
0.201
0.190
0.187
0.185
0.187
0.193
0.231
0.228
0.258
0.289
0.302
0.304
0.330
0.330
0.330
0.322
0.312
0.312
0.316
0.316
0.318
0.324
0.371
0.457
0.472
0.490
0.486
0.500
0.535
0.537
0.551
0.550
0.549
0.552
0.567
0.561
0.566
0.569
0.570
0.579
0.581
0.613
0.615
0.616
0.603
0.602
0.618
0.647
0.683
0.731
0.723
0.724
0.710
0.725
0.733
0.725
0.712
0.709
0.715
0.710
0.712
0.704
0.742
0.744
0.740
0.740
0.754
0.749
0.751
0.743
0.740
0.743
0.751
0.814
0.840
0.838
0.844
0.827
0.813
0.804
0.811
0.806
0.818
0.798
0.758
0.765
0.768
0.758
0.777
0.791
0.797
0.803
0.817
0.788
0.825
0.848
0.828
0.835
0.835
0.857
0.870
0.869
0.832
0.835
0.835
0.842
0.843
0.845
0.819
0.794
0.789
0.833
0.872
0.872
0.855
0.841
0.799
0.791
0.803
0.816
0.812
0.811
0.801
0.776
0.756
0.779
0.823
0.871
0.873
0.870
0.908
0.890
0.875
0.882
0.859
0.857
0.864
0.904
0.903
0.901
0.884
0.892
0.914
0.919
0.964
0.965
1.019
1.035
1.044
1.051
1.078
1.080
1.178
1.181
1.226
1.229
1.228
1.227
1.227
1.216
1.192
1.211
1.230
1.220
1.233
1.257
1.258
1.262
1.290
1.278
1.289
1.273
1.339
1.330
1.336
1.379
1.376
1.474
1.483
1.508
1.520
1.495
1.500
1.478
1.493
1.501
1.515
1.570
1.599
1.608
1.631
1.609
1.605
1.595
1.620
1.710
1.720
1.683
1.712
1.783
1.790
1.774
1.776
1.790
1.884
1.925
1.882
1.889
1.864
1.847
1.849
1.911
1.890
1.896
1.896
1.924
1.919
1.931
1.934
1.930
1.933
1.930
1.879
1.862
1.882
1.872
1.963
1.946
1.954
1.988
1.980
1.979
1.980
1.984
1.971
1.975
1.977
1.972
1.986
1.992
1.996
1.969
1.973
1.965
1.990
1.993
1.964
1.939
1.907
1.864
1.868
1.866
1.872
1.861
1.935
1.928
1.928
1.934
1.936
1.942
1.944
1.945
1.923
1.938
1.954
1.965
1.953
2.005
1.991
2.021
2.024
2.013
2.013
1.955
1.951
1.964
1.998
2.012
2.015
2.033
2.025
2.040
2.008
2.029
2.047
2.044
2.139
2.136
2.135
2.115
2.094
2.107
2.094
2.095
2.094
2.085
2.087
2.079
2.079
2.060
2.054
2.076
2.155
2.172
2.175
2.161
2.172
2.173
2.187
2.193
2.187
2.163
2.127
2.127
2.132
2.137
2.152
2.147
2.155
2.138
2.232
2.247
2.275
2.318
2.310
2.305
2.250
2.217
2.221
2.221
2.197
2.204
2.207
2.239
2.250
2.260
2.259
2.226
2.236
2.235
2.228
2.248
2.247
2.235
2.226
2.227
2.187
2.160
2.149
2.191
2.173
2.164
2.102
2.103
2.065
2.088
2.101
2.105
2.105
2.103
2.120
2.109
2.112
2.189
2.179
2.191
2.198
2.186
2.158
2.163
2.156
2.158
2.080
2.093
2.169
2.145
2.161
2.083
2.081
2.096
2.153
2.143
2.138
2.133
2.114
2.107
2.110
2.063
2.041
2.031
2.012
2.026
2.066
2.110
2.103
2.036
2.042
2.025
2.020
1.988
2.055
2.070
2.083
2.060
1.979
1.969
1.996
1.998
1.993
1.987
1.981
1.919
1.920
1.967
1.967
1.939
1.956
1.946
1.946
1.959
1.998
2.005
2.016
1.970
1.973
1.983
1.987
2.012
2.030
2.057
2.058
2.152
2.151
2.156
2.177
2.201
2.195
2.215
2.219
2.205
2.210
2.214
2.218
2.271
2.285
2.299
2.339
2.344
2.347
2.355
2.362
2.363
2.345
2.344
2.330
2.339
2.337
2.366
2.356
2.353
2.352
2.361
2.357
2.351
2.347
2.368
2.369
2.352
2.371
2.342
2.356
2.375
2.385
2.375
2.382
2.396
2.396
2.386
2.381
2.394
2.410
2.435
2.467
2.448
2.417
2.420
2.370
2.460
2.442
2.438
2.444
2.435
2.491
2.553
2.528
2.515
2.532
2.531
2.531
2.545
2.562
2.534
2.460
2.524
2.525
2.543
2.536
2.541
2.530
2.560
2.560
2.540
2.583
2.583
2.589
2.630
2.615
2.631
2.630
2.653
2.564
2.581
2.546
2.507
2.509
2.505
2.512
2.502
2.522
2.523
2.543
2.566
2.570
2.518
2.533
2.526
2.547
2.547
2.534
2.581
2.579
2.540
2.537
2.543
2.515
2.513
2.512
2.510
2.512
2.464
2.446
2.456
2.444
2.487
2.511
2.472
2.468
2.480
2.531
2.537
2.507
2.536
2.528
2.504
2.523
2.479
2.491
2.509
2.516
2.499
2.528
2.525
2.514
2.532
2.454
2.452
2.481
2.469
2.463
2.481
2.411
2.473
2.545
2.592
2.606
2.618
2.611
2.616
2.632
2.727
2.737
2.795
2.823
2.798
2.794
2.771
2.763
2.806
2.788
2.772
2.718
2.750
2.746
2.765
2.757
2.715
2.690
2.711
2.721
2.726
2.713
2.711
2.718
2.667
2.666
2.716
2.736
2.727
2.742
2.739
2.739
2.736
2.772
2.795
2.777
2.760
2.663
2.641
2.604
2.559
2.552
2.458
2.479
2.464
2.448
2.506
2.596
2.578
2.570
2.564
2.568
2.557
2.565
2.516
2.490
2.473
2.432
2.435
2.496
2.484
2.482
2.495
2.496
2.499
2.443
2.440
2.456
2.429
2.438
2.473
2.512
2.594
2.590
2.583
2.585
2.622
2.679
2.647
2.629
2.663
2.650
2.692
2.687
2.692
2.678
2.707
2.682
2.681
2.730
2.798
2.784
2.745
2.730
2.808
2.814
2.836
2.795
2.707
2.713
2.734
2.725
2.719
2.672
2.638
2.623
2.635
2.630
2.643
2.642
2.683
2.660
2.678
2.676
2.599
2.619
2.634
2.641
2.654
2.653
2.614
2.626
2.661
2.642
2.647
2.633
2.594
2.594
2.576
2.566
2.542
2.549
2.517
2.518
2.515
2.522
2.518
2.569
2.568
2.540
2.564
2.542
2.544
2.534
2.534
2.503
2.500
2.480
2.489
2.492
2.480
2.508
2.517
2.489
2.487
2.497
2.502
2.489
2.495
2.494
2.513
2.551
2.537
2.529
2.518
2.486
2.491
2.498
2.484
2.487
2.488
2.485
2.498
2.501
2.467
2.456
2.476
2.477
2.458
2.452
2.455
2.472
2.481
2.489
2.456
2.468
2.455
2.429
2.437
2.449
2.394
2.441
2.396
2.321
2.278
2.319
2.335
2.361
2.352
2.340
2.288
2.279
2.273
2.224
2.231
2.209
2.209
2.229
2.191
2.210
2.168
2.202
2.164
2.156
2.150
2.161
2.204
2.214
2.210
2.217
2.242
2.290
2.311
2.316
2.313
2.405
2.362
2.336
2.395
2.413
2.418
2.374
2.395
2.362
2.341
2.418
2.447
2.457
2.463
2.481
2.478
2.477
2.517
2.515
2.545
2.541
2.466
2.391
2.398
2.389
2.396
2.380
2.390
2.428
2.475
2.478
2.488
2.492
2.485
2.423
2.424
2.433
2.417
2.428
2.465
2.455
2.467
2.464
2.469
2.467
2.436
2.406
2.317
2.324
2.358
2.350
2.284
2.257
2.277
2.291
2.283
2.283
2.234
2.229
2.233
2.223
2.167
2.157
2.153
2.119
2.030
2.062
2.062
2.054
1.997
1.994
1.986
1.991
2.061
2.061
2.109
2.137
2.147
2.154
2.156
2.163
2.171
2.161
2.145
2.148
2.107
2.199
2.195
2.233
2.259
2.239
2.220
2.234
2.211
2.209
2.209
2.223
2.204
2.181
2.197
2.198
2.206
2.203
2.211
2.250
2.256
2.265
2.334
2.409
2.419
2.421
2.500
2.455
2.455
2.465
2.469
2.455
2.480
2.490
2.492
2.508
2.522
2.538
2.541
2.589
2.574
2.555
2.545
2.549
2.557
2.547
2.544
2.562
2.558
2.557
2.569
2.564
2.567
2.553
2.525
2.522
2.553
2.531
2.537
2.505
2.499
2.506
2.478
2.474
2.457
2.443
2.453
2.430
2.451
2.466
2.489
2.442
2.436
2.437
2.437
2.421
2.433
2.436
2.423
2.409
2.408
2.369
2.431
2.425
2.460
2.412
2.383
2.349
2.341
2.347
2.310
2.305
2.293
2.275
2.252
2.249
2.306
2.276
2.283
2.310
2.317
2.275
2.268
2.268
2.275
2.257
2.225
2.215
2.199
2.184
2.148
2.111
2.120
2.097
2.102
2.011
2.005
2.000
1.949
1.918
1.930
1.935
1.906
1.902
1.899
1.809
1.776
1.769
1.762
1.723
1.709
1.715
1.678
1.684
1.657
1.687
1.702
1.690
1.694
1.687
1.699
1.700
1.703
1.675
1.640
1.625
1.618
1.624
1.636
1.635
1.634
1.639
1.667
1.657
1.633
1.663
1.647
1.663
1.657
1.655
1.653
1.649
1.667
1.656
1.648
1.649
1.647
1.612
1.588
1.575
1.567
1.568
1.552
1.559
1.570
1.582
1.579
1.574
1.567
1.560
1.565
1.539
1.543
1.588
1.563
1.599
1.576
1.618
1.547
1.540
1.529
1.502
1.501
1.501
1.470
1.457
1.436
1.430
1.429
1.425
1.432
1.341
1.357
1.313
1.282
1.279
1.264
1.239
1.245
1.257
1.257
1.229
1.210
1.232
1.225
1.253
1.254
1.259
1.275
1.259
1.267
1.298
1.250
1.194
1.192
1.194
1.108
1.106
1.109
1.102
1.082
1.114
1.062
1.055
1.090
1.076
1.076
1.050
1.027
0.985
0.976
0.971
0.984
0.985
0.969
0.978
0.975
0.958
0.970
0.969
0.940
0.926
0.923
0.958
0.962
0.955
0.937
0.942
0.967
0.944
0.947
1.011
0.994
0.988
1.002
1.027
1.035
1.054
1.071
1.055
1.028
1.050
1.049
1.044
1.081
1.086
1.065
1.084
1.091
1.136
1.143
1.151
1.087
1.114
1.073
1.078
1.078
1.074
1.082
1.087
1.150
1.155
1.151
1.168
1.180
1.224
1.169
1.171
1.195
1.204
1.207
1.210
1.225
1.237
1.265
1.271
1.326
1.341
1.332
1.330
1.337
1.326
1.354
1.387
1.411
1.420
1.432
1.426
1.467
1.500
1.499
1.496
1.550
1.618
1.597
1.622
1.662
1.665
1.669
1.727
1.722
1.765
1.795
1.775
1.777
1.749
1.727
1.720
1.718
1.739
1.744
1.747
1.758
1.823
1.827
1.826
1.869
1.869
1.860
1.874
1.896
1.893
1.872
1.881
1.866
1.891
1.932
1.931
1.952
1.977
1.983
1.983
2.019
2.095
2.085
2.099
2.102
2.109
2.122
2.117
2.120
2.142
2.165
2.190
2.177
2.183
2.186
2.188
2.201
2.210
2.201
2.195
2.201
2.153
2.154
2.191
2.214
2.176
2.196
2.203
2.163
2.194
2.184
2.174
2.203
2.293
2.302
2.395
2.400
2.444
2.431
2.485
2.469
2.476
2.476
2.504
2.500
2.509
2.502
2.492
2.491
2.494
2.492
2.477
2.475
2.469
2.457
2.473
2.465
2.435
2.435
2.422
2.397
2.381
2.375
2.377
2.389
2.422
2.437
2.476
2.471
2.491
2.482
2.479
2.470
2.494
2.484
2.486
2.528
2.518
2.518
2.527
2.528
2.532
2.533
2.528
2.555
2.580
2.586
2.595
2.601
2.584
2.653
2.639
2.627
2.621
2.606
2.639
2.612
2.623
2.652
2.588
2.582
2.602
2.589
2.581
2.542
2.541
2.539
2.586
2.594
2.607
2.621
2.620
2.596
2.646
2.654
2.608
2.609
2.583
2.584
2.567
2.555
2.527
2.532
2.577
2.578
2.579
2.575
2.567
2.521
2.523
2.519
2.505
2.496
2.451
2.451
2.486
2.477
2.437
2.420
2.420
2.403
2.383
2.332
2.329
2.266
2.255
2.252
2.256
2.252
2.289
2.240
2.210
2.200
2.200
2.188
2.218
2.209
2.236
2.234
2.237
2.207
2.140
2.146
2.138
2.115
2.114
2.109
2.070
2.082
2.043
2.016
2.023
2.036
2.042
2.093
2.164
2.159
2.149
2.190
2.199
2.248
2.158
2.142
2.151
2.160
2.221
2.283
2.282
2.280
2.282
2.277
2.267
2.267
2.237
2.202
2.186
2.166
2.166
2.162
2.187
2.146
2.091
2.076
2.122
2.121
2.139
2.128
2.129
2.113
2.087
2.084
2.045
2.048
2.039
2.057
2.070
2.073
2.072
2.140
2.186
2.180
2.175
2.186
2.133
2.118
2.109
2.087
2.109
2.105
2.074
2.078
2.127
2.106
2.013
2.009
1.921
1.928
1.890
1.886
1.831
1.820
1.830
1.832
1.836
1.837
1.827
1.842
1.881
1.904
1.905
1.905
1.896
1.903
1.895
1.893
1.903
1.916
1.924
1.915
1.883
1.895
1.921
1.951
1.953
1.931
1.914
1.893
1.888
1.889
1.861
1.863
1.863
1.846
1.825
1.830
1.842
1.827
1.830
1.821
1.808
1.827
1.824
1.840
1.834
1.820
1.801
1.821
1.836
1.838
1.831
1.784
1.763
1.765
1.791
1.792
1.764
1.765
1.751
1.729
1.722
1.757
1.746
1.774
1.758
1.829
1.836
1.807
1.774
1.785
1.749
1.733
1.762
1.749
1.759
1.777
1.780
1.796
1.787
1.814
1.814
1.836
1.847
1.856
1.804
1.817
1.813
1.811
1.818
1.814
1.806
1.760
1.771
1.781
1.793
1.807
1.776
1.751
1.741
1.747
1.723
1.720
1.725
1.760
1.768
1.781
1.792
1.792
1.789
1.783
1.767
1.775
1.784
1.774
1.771
1.778
1.754
1.746
1.687
1.674
1.669
1.648
1.642
1.650
1.631
1.617
1.625
1.655
1.695
1.687
1.676
1.704
1.749
1.734
1.731
1.680
1.608
1.621
1.624
1.593
1.624
1.574
1.586
1.625
1.648
1.659
1.595
1.529
1.511
1.497
1.512
1.521
1.539
1.538
1.510
1.504
1.497
1.492
1.527
1.521
1.528
1.533
1.515
1.514
1.444
1.451
1.433
1.433
1.438
1.432
1.453
1.454
1.460
1.468
1.491
1.490
1.481
1.478
1.518
1.458
1.410
1.410
1.410
1.397
1.382
1.375
1.391
1.417
1.395
1.421
1.426
1.440
1.399
1.407
1.423
1.419
1.428
1.420
1.415
1.451
1.455
1.467
1.452
1.468
1.462
1.477
1.477
1.472
1.429
1.405
1.405
1.405
1.419
1.420
1.426
1.432
1.401
1.369
1.360
1.357
1.418
1.407
1.374
1.344
1.334
1.350
1.349
1.370
1.348
1.376
1.373
1.427
1.428
1.415
1.430
1.441
1.441
1.428
1.428
1.444
1.472
1.483
1.486
1.477
1.471
1.492
1.525
1.493
1.474
1.466
1.482
1.542
1.559
1.572
1.565
1.565
1.559
1.564
1.569
1.594
1.598
1.578
1.576
1.545
1.559
1.542
1.524
1.531
1.540
1.547
1.549
1.557
1.576
1.583
1.535
1.522
1.518
1.511
1.532
1.496
1.508
1.485
1.472
1.462
1.464
1.456
1.466
1.465
1.462
1.463
1.466
1.544
1.559
1.550
1.538
1.548
1.550
1.555
1.553
1.556
1.560
1.566
1.566
1.534
1.537
1.573
1.563
1.592
1.600
1.600
1.598
1.588
1.603
1.594
1.597
1.588
1.589
1.574
1.586
1.606
1.619
1.625
1.659
1.680
1.728
1.753
1.744
1.726
1.677
1.675
1.725
1.708
1.662
1.668
1.668
1.706
1.717
1.709
1.743
1.741
1.704
1.681
1.672
1.642
1.623
1.591
1.593
1.592
1.591
1.589
1.588
1.582
1.564
1.563
1.591
1.596
1.605
1.604
1.541
1.581
1.546
1.531
1.530
1.534
1.624
1.615
1.607
1.605
1.595
1.614
1.607
1.586
1.582
1.573
1.541
1.530
1.541
1.533
1.478
1.472
1.505
1.596
1.600
1.626
1.621
1.643
1.638
1.612
1.606
1.579
1.586
1.571
1.560
1.547
1.540
1.550
1.572
1.595
1.595
1.555
1.552
1.550
1.561
1.539
1.513
1.562
1.563
1.588
1.591
1.591
1.590
1.596
1.584
1.584
1.582
1.572
1.584
1.599
1.611
1.613
1.550
1.550
1.552
1.587
1.598
1.588
1.573
1.552
1.545
1.516
1.500
1.451
1.466
1.471
1.503
1.490
1.485
1.533
1.542
1.536
1.511
1.469
1.468
1.468
1.497
1.468
1.436
1.450
1.447
1.440
1.422
1.351
1.347
1.337
1.328
1.328
1.336
1.328
1.321
1.299
1.298
1.293
1.281
1.299
1.305
1.254
1.246
1.230
1.207
1.183
1.193
1.192
1.171
1.173
1.169
1.165
1.177
1.158
1.129
1.155
1.140
1.140
1.147
1.184
1.176
1.217
1.215
1.223
1.224
1.206
1.213
1.164
1.148
1.167
1.167
1.159
1.179
1.193
1.203
1.196
1.190
1.204
1.206
1.209
1.197
1.149
1.140
1.119
1.146
1.146
1.128
1.123
1.103
1.102
1.100
1.117
1.117
1.106
1.122
1.120
1.110
1.108
1.111
1.122
1.072
1.068
1.084
1.076
1.113
1.130
1.099
1.105
1.151
1.167
1.251
1.214
1.210
1.221
1.179
1.165
1.189
1.226
1.223
1.219
1.230
1.200
1.217
1.224
1.233
1.251
1.231
1.258
1.288
1.296
1.283
1.279
1.273
1.316
1.334
1.290
1.306
1.303
1.305
1.301
1.214
1.217
1.237
1.296
1.306
1.290
1.272
1.344
1.363
1.364
1.400
1.394
1.382
1.385
1.480
1.540
1.516
1.421
1.441
1.413
1.414
1.415
1.461
1.465
1.464
1.461
1.450
1.448
1.454
1.459
1.454
1.454
1.434
1.423
1.437
1.437
1.464
1.460
1.449
1.455
1.461
1.395
1.396
1.375
1.414
1.427
1.444
1.466
1.487
1.471
1.473
1.482
1.470
1.486
1.477
1.468
1.468
1.525
1.541
1.508
1.542
1.543
1.530
1.528
1.572
1.577
1.605
1.612
1.693
1.705
1.668
1.670
1.680
1.650
1.641
1.635
1.642
1.647
1.638
1.652
1.631
1.630
1.625
1.628
1.639
1.651
1.706
1.704
1.703
1.700
1.739
1.770
1.769
1.775
1.782
1.772
1.779
1.810
1.835
1.856
1.832
1.846
1.867
1.869
1.875
1.882
1.888
1.887
1.866
1.856
1.850
1.888
1.913
1.936
1.952
1.925
1.931
1.928
1.928
1.924
1.933
1.889
1.883
1.904
1.883
1.903
1.913
1.917
1.900
1.893
1.894
1.891
1.882
1.885
1.874
1.872
1.880
1.884
1.889
1.881
1.903
1.902
1.945
1.950
1.927
1.980
2.015
2.017
2.012
2.013
2.028
2.021
2.053
2.144
2.113
2.112
2.123
2.142
2.113
2.081
2.127
2.109
2.097
2.112
2.063
2.065
2.044
2.022
1.967
1.948
1.871
1.908
1.914
1.914
1.941
1.963
1.931
1.925
1.943
1.978
1.956
1.958
1.935
1.959
1.953
1.948
1.938
1.917
1.887
1.879
1.888
1.901
1.894
1.863
1.851
1.887
1.876
1.880
1.901
1.921
1.946
1.954
1.939
1.908
1.956
1.972
2.023
1.990
1.999
2.013
2.002
2.051
2.072
2.095
2.002
1.988
2.017
2.018
1.996
1.999
2.019
1.993
2.018
2.017
2.045
2.044
2.055
2.062
2.057
2.069
2.073
2.079
2.103
2.118
2.155
2.161
2.138
2.140
2.142
2.181
2.212
2.258
2.292
2.278
2.241
2.243
2.270
2.251
2.230
2.268
2.255
2.252
2.264
2.237
2.239
2.253
2.270
2.211
2.286
2.349
2.300
2.325
2.353
2.354
2.300
2.306
2.275
2.271
2.195
2.196
2.203
2.198
2.201
2.188
2.200
2.198
2.188
2.273
2.273
2.295
2.293
2.289
2.320
2.320
2.308
2.333
2.281
2.325
2.313
2.323
2.352
2.357
2.377
2.409
2.413
2.425
2.443
2.405
2.384
2.358
2.366
2.372
2.349
2.349
2.364
2.370
2.356
2.364
2.355
2.369
2.390
2.358
2.322
2.311
2.300
2.305
2.299
2.316
2.320
2.298
2.330
2.331
2.331
2.315
2.341
2.415
2.401
2.380
2.381
2.373
2.401
2.407
2.401
2.378
2.383
2.386
2.473
2.485
2.478
2.488
2.470
2.485
2.464
2.462
2.464
2.419
2.402
2.402
2.416
2.416
2.410
2.411
2.386
2.293
2.294
2.269
2.259
2.237
2.234
2.242
2.199
2.200
2.224
2.219
2.235
2.248
2.255
2.266
2.273
2.272
2.264
2.225
2.216
2.196
2.196
2.163
2.167
2.151
2.165
2.137
2.144
2.139
2.140
2.113
2.117
2.131
2.150
2.140
2.158
2.156
2.143
2.148
2.165
2.161
2.155
2.126
2.119
2.134
2.134
2.140
2.165
2.163
2.167
2.152
2.128
2.115
2.059
2.022
2.034
2.028
2.008
1.966
1.981
1.963
2.030
1.979
1.952
2.014
2.027
2.029
2.018
2.074
2.015
2.076
2.056
2.050
2.041
2.121
2.120
2.110
2.109
2.112
2.074
2.045
1.997
2.012
2.042
2.056
2.062
2.020
1.986
1.961
2.022
2.042
2.047
2.032
1.989
1.990
2.005
1.975
1.967
1.975
1.978
1.982
1.983
1.972
1.979
1.979
1.883
1.817
1.829
1.800
1.864
1.870
1.875
1.867
1.872
1.890
1.888
1.874
1.933
1.951
1.944
1.940
1.965
1.963
2.020
1.970
1.976
1.941
1.944
1.981
1.963
1.956
1.964
1.939
1.937
1.921
1.929
1.978
1.903
1.879
1.862
1.825
1.898
1.894
1.877
1.879
1.887
1.902
1.902
1.911
1.919
1.920
1.917
1.922
1.921
1.917
1.918
1.910
1.891
1.881
1.895
1.883
1.889
1.972
1.974
1.972
1.980
2.049
2.013
2.014
2.024
2.018
1.997
1.916
1.916
1.904
1.945
1.938
1.941
1.959
1.952
1.963
1.998
1.996
1.910
1.889
1.888
1.884
1.884
1.885
1.908
1.906
1.902
1.919
1.903
1.899
1.884
1.896
1.929
1.919
1.923
1.938
1.966
1.968
1.970
1.985
1.984
1.961
1.959
1.975
2.006
2.010
2.008
2.011
2.017
2.009
2.043
2.067
2.056
2.074
2.071
2.083
2.062
2.061
2.071
2.087
2.061
2.060
2.063
2.095
2.090
2.093
2.112
2.085
2.134
2.156
2.137
2.136
2.128
2.116
2.121
2.124
2.130
2.153
2.154
2.134
2.107
2.088
2.047
2.053
2.043
2.035
2.003
1.997
2.030
2.032
1.998
1.992
2.009
2.010
1.989
1.999
1.933
1.943
1.936
1.874
1.872
1.904
1.919
1.874
1.852
1.803
1.795
1.797
1.836
1.774
1.778
1.791
1.787
1.777
1.799
1.800
1.794
1.776
1.740
1.728
1.721
1.739
1.761
1.764
1.680
1.669
1.682
1.684
1.697
1.706
1.705
1.699
1.722
1.707
1.701
1.694
1.697
1.741
1.714
1.789
1.813
1.846
1.861
1.881
1.798
1.805
1.825
1.830
1.824
1.810
1.795
1.797
1.721
1.711
1.713
1.711
1.674
1.707
1.659
1.630
1.638
1.635
1.643
1.611
1.612
1.594
1.588
1.580
1.581
