-0.300
0.750
0.367
0.350
0.060
0.250
0.200
0.125
0.056
0.010
-0.109
-0.267
-0.323
-0.393
-0.433
-0.306
-0.200
-0.150
-0.211
-0.255
-0.129
-0.168
-0.209
-0.237
-0.244
-0.138
-0.085
-0.068
-0.090
-0.097
-0.052
-0.066
-0.076
-0.109
-0.143
-0.169
-0.219
-0.224
-0.246
-0.260
-0.285
-0.279
-0.305
-0.316
-0.264
-0.289
-0.291
-0.292
-0.294
-0.292
-0.278
-0.290
-0.277
-0.300
-0.320
-0.293
-0.277
-0.264
-0.278
-0.268
-0.289
-0.287
-0.276
-0.275
-0.268
-0.277
-0.254
-0.244
-0.249
-0.163
-0.194
-0.207
-0.152
-0.161
-0.168
-0.180
-0.194
-0.154
-0.176
-0.137
-0.152
-0.163
-0.141
-0.121
-0.127
-0.124
-0.075
-0.087
-0.103
-0.123
-0.134
-0.097
-0.111
-0.073
-0.084
-0.105
-0.111
-0.123
-0.115
-0.091
-0.103
-0.118
-0.128
-0.108
-0.094
-0.104
-0.094
-0.049
-0.050
-0.025
-0.034
-0.040
-0.050
-0.058
-0.070
-0.033
-0.045
-0.036
-0.011
-0.022
-0.021
-0.032
-0.026
-0.043
-0.028
-0.028
-0.027
-0.036
-0.033
-0.029
-0.034
-0.043
-0.050
-0.050
-0.052
-0.033
-0.005
-0.009
-0.024
-0.016
-0.019
-0.013
-0.020
0.003
0.003
0.021
0.014
0.021
0.011
0.035
0.031
0.023
0.022
0.016
0.025
0.034
0.035
0.035
0.028
0.026
0.025
0.020
0.028
0.022
0.016
0.017
0.008
-0.001
-0.001
0.000
0.027
0.021
0.013
0.031
0.023
0.026
0.042
0.051
0.048
0.046
0.041
0.044
0.037
0.046
0.043
0.051
0.078
0.067
0.059
0.086
0.098
0.092
0.094
0.094
0.093
0.089
0.084
0.081
0.083
0.081
0.122
0.107
0.100
0.121
0.119
0.112
0.134
0.135
0.131
0.144
0.143
0.149
0.162
0.203
0.222
0.216
0.210
0.198
0.204
0.210
0.191
0.194
0.218
0.220
0.225
0.212
0.203
0.197
0.191
0.221
0.245
0.240
0.252
0.251
0.292
0.340
0.361
0.393
0.407
0.410
0.410
0.412
0.485
0.483
0.511
0.522
0.533
0.536
0.534
0.530
0.540
0.542
0.535
0.536
0.539
0.561
0.551
0.546
0.565
0.572
0.574
0.580
0.585
0.581
0.584
0.605
0.659
0.690
0.685
0.697
0.701
0.715
0.705
0.751
0.747
0.745
0.749
0.728
0.743
0.724
0.770
0.798
0.796
0.789
0.793
0.787
0.762
0.765
0.781
0.798
0.799
0.784
0.801
0.774
0.785
0.806
0.807
0.812
0.877
0.860
0.861
0.875
0.917
0.902
0.890
0.890
0.886
0.860
0.854
0.834
0.834
0.862
0.869
0.885
0.941
0.912
0.914
0.937
0.956
0.962
0.965
0.965
1.055
1.061
1.042
1.053
1.073
1.071
1.084
1.083
1.090
1.093
1.095
1.092
1.086
1.066
1.044
1.040
1.045
1.051
1.048
1.051
1.051
1.028
1.020
1.012
1.024
1.014
1.039
1.023
1.031
1.043
1.049
1.052
1.041
1.093
1.091
1.087
1.104
1.139
1.137
1.133
1.123
1.119
1.136
1.171
1.174
1.174
1.177
1.170
1.137
1.159
1.158
1.137
1.134
1.127
1.155
1.143
1.160
1.156
1.195
1.188
1.207
1.213
1.216
1.204
1.173
1.178
1.182
1.151
1.139
1.155
1.149
1.152
1.176
1.173
1.180
1.279
1.278
1.284
1.248
1.249
1.279
1.246
1.321
1.330
1.354
1.348
1.347
1.371
1.381
1.385
1.371
1.332
1.306
1.303
1.296
1.314
1.315
1.343
1.345
1.345
1.332
1.330
1.333
1.362
1.360
1.357
1.370
1.354
1.358
1.364
1.352
1.364
1.328
1.281
1.283
1.254
1.241
1.238
1.241
1.253
1.186
1.186
1.146
1.160
1.161
1.162
1.162
1.162
1.153
1.174
1.274
1.282
1.301
1.291
1.337
1.352
1.332
1.349
1.429
1.418
1.419
1.443
1.452
1.436
1.384
1.345
1.352
1.319
1.319
1.311
1.314
1.265
1.271
1.283
1.309
1.342
1.337
1.337
1.294
1.276
1.290
1.282
1.276
1.277
1.283
1.293
1.293
1.299
1.297
1.290
1.297
1.324
1.323
1.315
1.311
1.308
1.253
1.255
1.257
1.269
1.272
1.295
1.306
1.345
1.340
1.348
1.349
1.364
1.363
1.342
1.358
1.348
1.308
1.334
1.335
1.367
1.329
1.332
1.323
1.329
1.235
1.247
1.249
1.235
1.214
1.213
1.197
1.199
1.201
1.218
1.222
1.226
1.272
1.273
1.269
1.293
1.296
1.278
1.280
1.301
1.301
1.313
1.319
1.325
1.333
1.334
1.312
1.330
1.316
1.299
1.289
1.291
1.285
1.244
1.261
1.257
1.241
1.205
1.203
1.253
1.256
1.259
1.247
1.213
1.215
1.234
1.231
1.229
1.245
1.276
1.300
1.302
1.301
1.305
1.256
1.268
1.256
1.267
1.246
1.244
1.239
1.217
1.231
1.240
1.257
1.255
1.263
1.268
1.298
1.301
1.296
1.303
1.277
1.296
1.286
1.185
1.177
1.193
1.184
1.184
1.172
1.185
1.112
1.097
1.047
1.134
1.144
1.128
1.119
1.124
1.156
1.160
1.175
1.262
1.295
1.275
1.269
1.245
1.247
1.246
1.236
1.236
1.231
1.205
1.205
1.240
1.237
1.230
1.213
1.222
1.219
1.247
1.261
1.269
1.257
1.271
1.269
1.272
1.280
1.260
1.306
1.324
1.382
1.395
1.382
1.377
1.386
1.441
1.432
1.418
1.329
1.321
1.308
1.288
1.242
1.229
1.245
1.217
1.135
1.165
1.158
1.157
1.141
1.231
1.216
1.229
1.272
1.255
1.257
1.253
1.239
1.241
1.236
1.227
1.226
1.199
1.194
1.210
1.209
1.197
1.174
1.214
1.215
1.208
1.202
1.191
1.179
1.163
1.176
1.188
1.164
1.187
1.189
1.208
1.204
1.217
1.195
1.214
1.210
1.196
1.244
1.232
1.219
1.185
1.209
1.221
1.223
1.211
1.244
1.240
1.275
1.272
1.258
1.234
1.260
1.252
1.253
1.249
1.272
1.267
1.289
1.347
1.354
1.350
1.392
1.412
1.413
1.414
1.401
1.397
1.402
1.422
1.407
1.411
1.431
1.425
1.424
1.442
1.453
1.417
1.424
1.423
1.424
1.448
1.428
1.442
1.442
1.426
1.430
1.438
1.437
1.429
1.432
1.418
1.421
1.475
1.483
1.481
1.480
1.433
1.476
1.477
1.475
1.470
1.465
1.455
1.449
1.467
1.455
1.424
1.408
1.416
1.442
1.444
1.455
1.443
1.443
1.431
1.442
1.446
1.447
1.444
1.430
1.426
1.405
1.422
1.432
1.420
1.388
1.401
1.415
1.403
1.402
1.397
1.404
1.407
1.407
1.400
1.436
1.490
1.478
1.470
1.473
1.477
1.516
1.431
1.421
1.451
1.450
1.534
1.533
1.527
1.520
1.429
1.395
1.416
1.412
1.425
1.420
1.420
1.442
1.455
1.453
1.444
1.445
1.426
1.422
1.410
1.397
1.384
1.418
1.377
1.389
1.384
1.386
1.400
1.416
1.426
1.420
1.470
1.426
1.427
1.385
1.355
1.351
1.362
1.386
1.336
1.340
1.357
1.345
1.356
1.355
1.358
1.370
1.367
1.381
1.438
1.517
1.494
1.509
1.490
1.521
1.523
1.569
1.585
1.537
1.557
1.558
1.555
1.565
1.570
1.576
1.580
1.552
1.564
1.564
1.545
1.558
1.560
1.598
1.604
1.602
1.609
1.642
1.641
1.637
1.660
1.650
1.644
1.664
1.658
1.654
1.660
1.683
1.678
1.714
1.713
1.714
1.717
1.638
1.626
1.629
1.640
1.630
1.615
1.614
1.634
1.600
1.690
1.729
1.738
1.778
1.807
1.796
1.737
1.732
1.769
1.774
1.787
1.763
1.694
1.698
1.698
1.652
1.632
1.633
1.623
1.633
1.717
1.801
1.826
1.799
1.794
1.776
1.768
1.771
1.768
1.758
1.768
1.762
1.756
1.758
1.722
1.720
1.727
1.760
1.748
1.747
1.770
1.786
1.814
1.829
1.819
1.796
1.745
1.736
1.759
1.780
1.878
1.834
1.835
1.831
1.834
1.842
1.834
1.873
1.907
1.965
1.949
1.958
1.946
1.984
1.995
2.035
2.034
2.025
2.031
2.019
2.066
2.055
2.076
2.161
2.189
2.203
2.213
2.219
2.241
2.313
2.311
2.400
2.395
2.448
2.432
2.426
2.440
2.443
2.505
2.482
2.439
2.438
2.464
2.500
2.499
2.481
2.496
2.504
2.453
2.503
2.446
2.448
2.503
2.500
2.515
2.529
2.591
2.599
2.574
2.576
2.572
2.646
2.641
2.691
2.776
2.788
2.873
2.881
2.894
2.885
2.928
2.902
2.923
2.927
2.933
2.944
2.928
2.939
2.940
2.943
2.901
2.948
2.936
2.928
2.927
2.938
2.941
2.954
2.959
2.973
2.972
2.972
3.062
3.056
3.143
3.132
3.140
3.131
3.100
3.026
3.035
3.024
3.041
3.019
2.923
2.914
2.887
2.903
2.887
2.913
2.914
2.918
2.913
2.910
2.928
2.955
2.956
2.957
2.971
2.962
2.970
2.931
2.885
2.893
2.966
2.941
2.944
2.960
2.934
2.933
2.927
2.928
2.906
2.918
2.894
2.925
2.917
2.887
2.886
2.923
2.928
2.924
2.927
3.027
3.019
3.020
3.012
3.052
3.050
3.066
3.031
2.962
2.960
2.928
2.936
2.921
2.929
2.983
3.028
2.999
2.987
3.083
3.080
3.080
3.090
3.097
3.142
3.137
3.142
3.141
3.080
2.988
2.972
3.046
3.058
3.059
3.073
3.065
3.048
3.056
3.057
3.157
3.156
3.164
3.166
3.187
3.175
3.154
3.155
3.201
3.183
3.223
3.222
3.226
3.226
3.251
3.252
3.253
3.313
3.304
3.210
3.204
3.212
3.236
3.235
3.268
3.270
3.230
3.195
3.146
3.140
3.125
3.128
3.079
3.064
3.116
3.139
3.138
3.142
3.141
3.115
3.214
3.195
3.106
3.074
3.075
3.153
3.132
3.116
3.040
3.034
2.941
2.950
2.900
2.910
2.927
2.914
2.913
2.836
2.826
2.812
2.815
2.796
2.779
2.779
2.763
2.754
2.749
2.767
2.730
2.777
2.743
2.763
2.773
2.763
2.750
2.674
2.669
2.670
2.702
2.731
2.645
2.664
2.617
2.557
2.552
2.473
2.460
2.482
2.486
2.464
2.556
2.539
2.505
2.504
2.509
2.503
2.496
2.540
2.563
2.554
2.501
2.555
2.557
2.577
2.567
2.560
2.525
2.515
2.496
2.472
2.476
2.384
2.432
2.343
2.355
2.393
2.393
2.423
2.430
2.478
2.568
2.546
2.544
2.550
2.563
2.562
2.560
2.573
2.563
2.563
2.649
2.702
2.720
2.724
2.697
2.697
2.703
2.709
2.703
2.701
2.707
2.757
2.805
2.730
2.739
2.746
2.733
2.738
2.829
2.895
2.872
2.925
2.919
3.010
2.961
2.963
2.975
2.974
2.938
2.929
2.921
2.935
2.858
2.876
2.867
2.865
2.860
2.857
2.844
2.836
2.808
2.810
2.818
2.781
2.786
2.808
2.798
2.713
2.776
2.779
2.705
2.706
2.694
2.691
2.687
2.659
2.658
2.659
2.754
2.730
2.734
2.789
2.741
2.736
2.739
2.721
2.813
2.848
2.850
2.850
2.834
2.903
2.888
2.882
2.866
2.873
2.867
2.893
2.854
2.855
2.807
2.789
2.869
2.891
2.878
2.876
2.883
2.805
2.792
2.863
2.863
2.852
2.833
2.835
2.810
2.808
2.824
2.882
2.876
2.876
2.930
2.945
2.946
2.949
2.894
2.870
2.883
2.974
2.956
2.946
2.843
2.890
2.913
2.911
2.941
2.840
2.835
2.853
2.858
2.837
2.855
2.848
2.857
2.857
2.943
2.952
2.952
2.959
2.975
2.982
3.007
3.066
3.053
3.058
3.055
3.051
3.057
3.086
3.080
3.000
3.013
2.947
2.948
2.947
2.947
2.965
3.004
3.008
2.984
2.967
2.975
3.016
3.007
2.988
3.005
3.040
3.131
3.130
3.133
3.110
3.011
3.011
3.061
3.059
3.043
3.035
3.028
2.966
2.937
2.984
3.000
2.951
2.940
2.914
2.913
3.002
3.080
3.092
3.096
3.132
3.186
3.179
3.185
3.260
3.251
3.201
3.180
3.143
3.142
3.144
3.044
3.046
3.038
3.038
3.080
3.139
3.125
3.125
3.149
3.148
3.057
3.018
3.094
3.074
3.090
3.072
3.064
3.057
3.081
3.073
3.075
3.062
3.006
3.037
3.023
3.016
3.014
3.019
2.938
2.878
2.913
2.858
2.917
2.823
2.840
2.941
2.924
2.917
2.922
2.920
2.925
2.937
2.931
2.912
2.922
2.944
2.908
2.943
3.031
2.991
2.988
2.985
2.989
3.002
2.994
2.965
2.989
2.989
2.936
2.986
2.993
2.993
3.039
3.037
3.033
3.027
3.044
3.042
2.944
2.955
2.949
2.877
2.873
2.941
2.950
2.951
2.920
2.887
2.908
2.927
2.848
2.779
2.791
2.794
2.791
2.783
2.775
2.791
2.784
2.851
2.869
2.881
2.788
2.768
2.756
2.787
2.783
2.862
2.863
2.795
2.836
2.869
2.866
2.870
2.852
2.852
2.878
2.804
2.813
2.827
2.828
2.849
2.865
2.859
2.830
2.858
2.905
2.830
2.877
2.901
2.923
2.877
2.858
2.869
2.829
2.856
2.893
2.876
2.879
2.886
2.861
2.876
2.864
2.856
2.755
2.748
2.751
2.739
2.799
2.795
2.770
2.791
2.872
2.867
2.917
2.962
2.966
2.980
3.002
3.042
3.053
3.054
3.145
3.173
3.218
3.199
3.167
3.256
3.254
3.250
3.276
3.242
3.286
3.280
3.264
3.217
3.124
3.095
3.117
3.116
3.122
3.121
3.069
3.068
3.061
3.072
3.083
3.178
3.193
3.175
3.204
3.208
3.202
3.233
3.248
3.150
3.075
3.070
3.103
3.065
3.109
3.144
3.092
3.020
3.031
3.034
3.068
3.062
3.061
2.992
3.026
3.031
3.031
3.025
2.933
2.915
2.912
2.929
2.888
2.906
2.912
2.897
2.820
2.813
2.832
2.832
2.834
2.855
2.849
2.877
2.873
2.885
2.885
2.862
2.886
2.928
2.974
2.963
2.959
2.951
2.928
2.985
3.007
3.029
3.020
2.979
2.984
2.972
2.992
3.039
3.036
3.032
3.014
3.010
2.999
3.019
3.016
2.974
2.886
2.888
2.896
2.887
2.865
2.854
2.876
2.877
2.812
2.829
2.830
2.794
2.778
2.814
2.779
2.780
2.789
2.783
2.865
2.869
2.867
2.876
2.875
2.887
2.873
2.806
2.808
2.811
2.767
2.766
2.740
2.711
2.720
2.723
2.738
2.734
2.734
2.723
2.772
2.760
2.805
2.726
2.700
2.699
2.700
2.698
2.702
2.691
2.687
2.617
2.646
2.664
2.627
2.605
2.629
2.651
2.680
2.682
2.680
2.772
2.764
2.796
2.780
2.773
2.747
2.836
2.820
2.793
2.753
2.733
2.727
2.688
2.765
2.795
2.792
2.777
2.788
2.763
2.733
2.735
2.765
2.759
2.760
2.779
2.781
2.857
2.863
2.858
2.852
2.853
2.781
2.785
2.842
2.758
2.689
2.723
2.697
2.647
2.638
2.578
2.643
2.612
2.591
2.585
2.496
2.489
2.472
2.479
2.530
2.473
2.467
2.459
2.420
2.391
2.353
2.351
2.339
2.368
2.371
2.364
2.345
2.352
2.367
2.396
2.414
2.408
2.432
2.460
2.458
2.375
2.359
2.330
2.286
2.285
2.331
2.316
2.325
2.323
2.308
2.335
2.312
2.331
2.284
2.274
2.299
2.290
2.275
2.278
2.297
2.293
2.309
2.404
2.373
2.457
2.456
2.546
2.559
2.524
2.527
2.507
2.511
2.539
2.522
2.603
2.600
2.602
2.601
2.622
2.625
2.611
2.694
2.716
2.710
2.758
2.768
2.774
2.757
2.719
2.723
2.741
2.758
2.765
2.769
2.711
2.623
2.595
2.639
2.592
2.640
2.641
2.625
2.572
2.567
2.638
2.682
2.675
2.672
2.644
2.692
2.690
2.700
2.786
2.821
2.828
2.832
2.828
2.811
2.845
2.847
2.829
2.856
2.864
2.857
2.849
2.847
2.919
2.929
2.934
2.836
2.839
2.839
2.812
2.812
2.804
2.798
2.823
2.830
2.831
2.841
2.869
2.867
2.880
2.909
3.001
2.974
3.016
3.035
3.036
2.997
2.981
2.955
2.971
2.975
2.966
2.960
2.968
2.961
2.965
2.969
2.964
2.968
2.949
2.960
2.982
3.043
3.026
3.011
3.012
2.981
2.889
2.894
2.855
2.856
2.867
2.869
2.782
2.814
2.843
2.829
2.846
2.809
2.862
2.774
2.758
2.772
2.790
2.795
2.824
2.846
2.855
2.853
2.852
2.861
2.829
2.839
2.766
2.774
2.859
2.858
2.858
2.850
2.889
2.861
2.865
2.850
2.902
2.878
2.923
3.016
3.093
3.054
3.063
3.157
3.153
3.151
3.126
3.099
3.147
3.101
3.066
3.099
3.102
3.096
3.093
3.114
3.170
3.180
3.147
3.170
3.259
3.251
3.327
3.313
3.281
3.265
3.264
3.235
3.222
3.202
3.203
3.210
3.214
3.249
3.233
3.188
3.221
3.232
3.305
3.356
3.320
3.342
3.336
3.282
3.279
3.250
3.255
3.298
3.309
3.327
3.337
3.334
3.245
3.284
3.294
3.302
3.233
3.219
3.242
3.240
3.270
3.264
3.227
3.227
3.147
3.137
3.177
3.238
3.228
3.222
3.275
3.250
3.209
3.219
3.131
3.121
3.139
3.150
3.143
3.095
3.087
3.071
3.100
3.189
3.204
3.220
3.224
3.190
3.196
3.246
3.246
3.265
3.265
3.364
3.315
3.270
3.270
3.286
3.287
3.279
3.272
3.281
3.228
3.217
3.207
3.219
3.228
3.231
3.213
3.267
3.269
3.233
3.206
3.216
3.210
3.290
3.314
3.293
3.291
3.292
3.280
3.277
3.345
3.349
3.333
3.332
3.399
3.381
3.438
3.465
3.437
3.446
3.456
3.417
3.318
3.321
3.308
3.299
3.299
3.335
3.365
3.349
3.383
3.381
3.396
3.404
3.448
3.450
3.428
3.429
3.461
3.434
3.439
3.448
3.417
3.342
3.332
3.353
3.363
3.360
3.412
3.403
3.395
3.373
3.354
3.352
3.377
3.359
3.344
3.347
3.327
3.333
3.283
3.272
3.273
3.256
3.253
3.258
3.230
3.203
3.213
3.186
3.182
3.231
3.264
3.348
3.438
3.440
3.366
3.400
3.422
3.450
3.406
3.374
3.421
3.421
3.352
3.346
3.318
3.301
3.246
3.197
3.190
3.093
3.112
3.115
3.135
3.180
3.122
3.116
3.141
3.125
3.127
3.139
3.169
3.213
3.180
3.184
3.192
3.221
3.165
3.223
3.154
3.158
3.161
3.173
3.175
3.177
3.146
3.179
3.170
3.216
3.229
3.192
3.244
3.254
3.230
3.222
3.175
3.169
3.226
3.209
3.272
3.312
3.370
3.371
3.404
3.397
3.446
3.405
3.385
3.462
3.459
3.431
3.346
3.337
3.386
3.393
3.388
3.394
3.383
3.401
3.409
3.409
3.505
3.498
3.457
3.447
3.437
3.453
3.390
3.326
3.332
3.332
3.322
3.345
3.404
3.388
3.453
3.465
3.457
3.449
3.414
3.318
3.292
3.300
3.296
3.290
3.318
3.314
3.311
3.308
3.331
3.271
3.243
3.335
3.340
3.320
3.305
3.278
3.284
3.284
3.236
3.207
3.210
3.237
3.332
3.339
3.418
3.375
3.374
3.393
3.395
3.421
3.397
3.407
3.306
3.324
3.329
3.328
3.341
3.344
3.266
3.288
3.382
3.379
3.286
3.306
3.260
3.211
3.214
3.216
3.292
3.286
3.286
3.284
3.289
3.290
3.304
3.266
3.247
3.273
3.225
3.229
3.209
3.208
3.156
3.154
3.159
3.156
3.117
3.111
3.108
3.103
3.103
3.095
3.099
3.078
3.120
3.175
3.125
3.143
3.197
3.200
3.188
3.236
3.282
3.269
3.253
3.341
3.394
3.481
3.520
3.547
3.532
3.538
3.530
3.525
3.530
3.536
3.511
3.504
3.503
3.450
3.428
3.340
3.309
3.299
3.298
3.343
3.327
3.306
3.408
3.443
3.408
3.412
3.405
3.496
3.488
3.410
3.378
3.382
3.379
3.457
3.469
3.455
3.442
3.402
3.401
3.418
3.391
3.402
3.405
3.391
3.401
3.333
3.340
3.327
3.369
3.315
3.286
3.259
3.256
3.262
3.266
3.263
3.269
3.294
3.306
3.273
3.273
3.219
3.213
3.224
3.276
3.285
3.275
3.296
3.350
3.406
3.370
3.376
3.313
3.279
3.302
3.402
3.395
3.413
3.360
3.431
3.443
3.367
3.373
3.365
3.347
3.363
3.287
3.297
3.340
3.347
3.344
3.399
3.395
3.404
3.317
3.412
3.473
3.464
3.476
3.467
3.465
3.453
3.481
3.495
3.563
3.540
3.460
3.458
3.402
3.396
3.394
3.406
3.411
3.422
3.417
3.433
3.453
3.440
3.397
3.306
3.308
3.314
3.393
3.366
3.356
3.268
3.265
3.267
3.267
3.258
3.264
3.245
3.261
3.350
3.351
3.334
3.236
3.232
3.149
3.145
3.164
3.208
3.231
3.216
3.314
3.230
3.242
3.292
3.281
3.284
3.289
3.336
3.421
3.397
3.364
3.377
3.380
3.365
3.366
3.408
3.404
3.389
3.298
3.314
3.334
3.336
3.404
3.410
3.397
3.468
3.476
3.450
3.533
3.550
3.547
3.554
3.554
3.552
3.579
3.576
3.581
3.585
3.605
3.586
3.598
3.619
3.622
3.633
3.585
3.544
3.546
3.617
3.566
3.642
3.682
3.633
3.564
3.559
3.617
3.545
3.495
3.404
3.364
3.366
3.406
3.402
3.435
3.447
3.439
3.485
3.577
3.575
3.599
3.607
3.695
3.685
3.619
3.611
3.615
3.552
3.550
3.555
3.457
3.423
3.409
3.399
3.389
3.360
3.382
3.401
3.438
3.534
3.551
3.576
3.578
3.595
3.607
3.604
3.703
3.699
3.801
3.797
3.790
3.792
3.750
3.771
3.758
3.835
3.810
3.822
3.839
3.827
3.825
3.810
3.897
3.905
3.912
3.941
3.928
3.961
3.960
3.959
3.963
3.968
3.907
3.924
3.924
3.918
3.846
3.760
3.739
3.715
3.702
3.699
3.602
3.568
3.537
3.498
3.483
3.392
3.438
3.422
3.415
3.416
3.449
3.435
3.464
3.458
3.392
3.380
3.358
3.302
3.287
3.277
3.314
3.224
3.160
3.103
3.122
3.128
3.128
3.137
3.119
3.116
3.070
3.107
3.119
3.116
3.111
3.128
3.215
3.237
3.281
3.367
3.376
3.336
3.324
3.331
3.338
3.327
3.327
3.320
3.227
3.224
3.232
3.227
3.251
3.255
3.257
3.259
3.248
3.277
3.293
3.206
3.256
3.236
3.236
3.246
3.251
3.244
3.232
3.170
3.175
3.148
3.076
3.074
3.061
2.999
3.004
3.028
3.009
3.012
3.024
3.022
2.974
3.006
3.016
3.006
3.004
2.993
3.009
3.019
3.015
3.049
3.034
3.075
3.039
3.038
3.070
3.097
3.132
3.136
3.075
3.083
3.185
3.184
3.195
3.197
3.164
3.168
3.162
3.188
3.203
3.223
3.234
3.236
3.245
3.321
3.336
3.325
3.362
3.301
3.311
3.256
3.231
3.237
3.251
3.325
3.272
3.248
3.262
3.254
3.254
3.270
3.230
3.328
3.326
3.313
3.337
3.311
3.253
3.252
3.284
3.273
3.173
3.276
3.276
3.278
3.263
3.292
3.292
3.277
3.305
3.307
3.315
3.348
3.380
3.322
3.341
3.326
3.298
3.197
3.194
3.120
3.114
3.147
3.125
3.134
3.046
3.026
2.927
2.931
2.934
2.947
2.954
2.933
2.928
2.948
2.931
2.995
3.078
3.058
3.052
3.050
2.957
2.948
3.032
3.006
3.009
2.989
2.986
3.003
3.022
3.028
3.082
3.145
3.147
3.114
3.126
3.186
3.209
3.312
3.335
3.336
3.358
3.365
3.367
3.363
3.364
3.377
3.331
3.333
3.338
3.328
3.398
3.411
3.385
3.384
3.433
3.430
3.438
3.427
3.428
3.522
3.481
3.508
3.573
3.556
3.525
3.511
3.535
3.531
3.518
3.496
3.537
3.500
3.504
3.513
3.508
3.519
3.432
3.401
3.449
3.346
3.397
3.401
3.393
3.395
3.389
3.455
3.468
3.451
3.481
3.483
3.490
3.504
3.495
3.493
3.490
3.494
3.506
3.475
3.448
3.480
3.428
3.446
3.525
3.503
3.487
3.547
3.639
3.639
3.609
3.640
3.616
3.661
3.670
3.665
3.758
3.748
3.749
3.747
3.659
3.678
3.666
3.624
3.606
3.608
3.590
3.561
3.645
3.630
3.668
3.619
3.699
3.709
3.662
3.650
3.615
3.518
3.456
3.548
3.559
3.525
3.430
3.418
3.412
3.476
3.477
3.479
3.479
3.488
3.481
3.474
3.455
3.430
3.423
3.328
3.307
3.298
3.272
3.246
3.260
3.216
3.283
3.287
3.277
3.225
3.220
3.220
3.201
3.299
3.304
3.267
3.284
3.182
3.248
3.332
3.327
3.303
3.287
3.286
3.238
3.245
3.249
3.174
3.280
3.296
3.294
3.256
3.251
