0.000
0.000
0.333
0.750
0.800
0.833
0.714
0.625
0.556
0.600
0.545
0.500
0.615
0.571
0.533
0.500
0.471
0.444
0.421
0.400
0.524
0.500
0.478
0.500
0.520
0.538
0.519
0.500
0.517
0.533
0.548
0.594
0.636
0.618
0.629
0.611
0.622
0.632
0.615
0.650
0.634
0.619
0.605
0.591
0.578
0.630
0.617
0.604
0.612
0.600
0.588
0.577
0.604
0.630
0.618
0.607
0.702
0.690
0.712
0.800
0.803
0.790
0.810
0.812
0.800
0.788
0.776
0.765
0.754
0.771
0.775
0.778
0.767
0.824
0.920
0.908
0.896
0.910
0.899
0.912
0.926
0.927
0.916
0.905
0.906
0.895
0.885
0.886
0.876
0.911
0.901
0.913
0.957
0.957
1.000
0.990
0.990
1.000
1.000
1.040
1.040
1.039
1.058
1.048
1.076
1.066
1.112
1.111
1.110
1.100
1.099
1.152
1.177
1.175
1.183
1.172
1.171
1.169
1.185
1.233
1.223
1.221
1.301
1.387
1.384
1.373
1.362
1.375
1.364
1.362
1.397
1.492
1.504
1.493
1.489
1.493
1.489
1.478
1.475
1.464
1.461
1.451
1.448
1.451
1.448
1.493
1.490
1.480
1.490
1.500
1.517
1.507
1.503
1.494
1.574
1.577
1.592
1.646
1.648
1.644
1.745
1.852
1.847
1.835
2.133
2.151
2.234
2.286
2.698
2.700
2.754
2.744
2.728
2.713
2.697
2.727
2.768
2.927
3.050
3.256
3.243
3.478
3.847
3.837
4.135
4.199
4.797
5.718
6.190
6.268
6.670
6.760
6.808
7.799
7.759
8.393
8.614
8.768
9.025
9.005
9.005
9.005
9.000
9.580
9.695
9.690
9.690
9.875
9.990
10.255
10.350
10.855
10.895
11.110
11.135
11.135
11.395
11.650
11.715
12.110
12.600
13.120
13.145
13.385
13.455
14.445
15.145
15.695
16.025
16.020
16.085
16.900
17.095
17.505
17.500
17.500
17.495
17.490
18.485
19.005
19.320
19.320
19.320
19.495
19.875
20.185
20.185
20.185
20.205
20.255
21.000
21.410
21.785
21.965
21.965
22.415
22.530
22.745
23.345
23.890
23.955
24.490
24.480
24.475
24.620
24.670
24.830
25.010
25.040
25.300
25.295
25.290
25.520
25.700
25.820
26.815
27.105
27.210
27.265
27.365
27.830
28.235
28.400
28.400
28.395
28.395
28.395
28.390
28.390
28.370
28.560
28.860
29.425
29.420
29.670
30.090
30.540
30.530
31.405
31.390
32.025
32.050
32.035
32.730
32.980
32.980
32.950
33.770
33.855
33.855
33.850
34.760
34.740
34.740
34.990
35.360
35.370
35.365
35.390
35.645
35.975
36.775
37.495
37.435
38.395
38.900
39.115
39.365
39.365
39.460
39.555
39.980
40.495
40.615
40.795
40.785
40.935
40.985
40.980
40.980
41.090
41.090
41.085
41.375
41.740
41.750
41.970
42.330
43.265
43.250
43.975
44.500
44.720
44.720
44.650
44.640
44.620
44.875
44.970
45.650
46.405
46.850
47.170
47.170
47.180
47.155
47.180
47.325
47.020
47.575
47.790
48.090
48.205
48.655
49.475
50.010
50.955
51.795
51.690
51.940
51.935
51.815
51.460
51.745
51.450
52.365
52.150
51.260
50.785
50.780
50.510
50.390
50.310
49.315
49.325
48.665
48.405
48.210
48.255
48.315
48.335
48.655
49.600
49.010
48.890
49.125
49.125
49.015
49.245
49.970
50.625
50.460
50.555
50.400
50.600
50.965
50.820
50.660
50.595
50.200
50.010
49.515
50.315
50.215
50.200
49.205
48.505
47.955
47.620
47.870
47.965
47.310
47.590
47.425
47.510
48.085
48.290
48.290
47.640
47.695
47.460
48.340
48.405
48.615
48.425
48.100
48.360
48.985
49.435
49.515
48.780
48.370
47.995
47.805
48.435
48.160
48.190
48.225
48.120
47.910
47.840
47.585
47.635
47.635
47.490
47.440
47.515
47.400
47.465
47.230
47.885
47.995
47.910
47.830
47.670
47.015
46.725
47.605
48.025
48.270
47.900
47.535
47.370
47.370
47.415
47.415
47.530
47.595
47.800
47.810
47.780
47.470
46.880
46.880
46.605
46.710
46.610
46.825
46.480
46.875
46.635
46.605
46.855
47.155
47.145
47.325
47.845
47.020
46.930
46.930
46.930
45.985
45.985
45.980
45.720
45.350
45.335
45.335
45.405
45.275
45.050
44.300
43.955
44.040
43.505
43.995
44.120
44.465
44.465
44.370
45.240
44.790
44.275
44.155
44.395
44.750
44.595
44.545
44.835
45.830
45.925
45.990
45.990
46.685
46.680
46.630
46.420
46.460
45.510
45.510
44.765
44.345
44.220
44.930
45.405
45.540
46.055
46.530
46.425
45.945
46.095
46.340
46.500
46.670
46.665
46.750
46.645
46.445
46.600
47.010
46.905
46.650
46.535
46.390
46.225
45.970
44.985
44.625
45.450
45.065
45.065
44.955
45.170
44.965
44.965
44.490
44.470
44.500
44.500
44.530
45.095
45.580
45.750
46.070
46.085
46.225
46.625
46.780
46.435
46.375
46.410
46.120
45.235
45.235
45.550
45.510
45.555
45.580
45.470
44.690
44.045
44.555
45.120
45.210
45.020
44.850
45.360
45.395
45.405
45.705
45.540
45.550
45.065
44.920
45.660
45.660
46.265
46.465
46.465
46.495
46.480
46.310
45.825
45.650
45.980
46.400
46.565
47.145
47.130
47.125
47.045
46.170
46.105
46.200
46.010
46.010
45.750
45.125
44.735
44.605
44.595
44.895
45.330
45.330
44.700
44.930
44.825
44.805
44.515
44.180
44.425
44.675
44.795
44.895
45.515
45.940
45.820
46.750
46.835
46.890
46.315
46.205
46.090
46.320
46.320
45.980
46.320
45.765
45.915
46.115
46.010
46.375
47.280
47.480
47.575
48.120
48.205
48.215
48.010
48.085
47.925
47.925
48.050
48.050
48.305
47.835
47.480
47.300
46.890
46.515
46.115
46.280
46.120
45.125
44.915
44.735
44.730
44.895
45.310
45.710
45.745
45.990
46.985
47.265
47.330
47.585
48.170
48.420
48.310
48.150
48.170
49.060
48.675
48.765
48.385
47.470
47.260
46.890
47.095
47.390
47.025
47.205
48.105
48.335
47.910
47.555
47.850
48.180
47.890
47.085
47.235
47.850
48.585
47.615
47.310
47.595
48.050
47.650
47.650
47.650
47.895
48.195
48.610
47.995
48.035
48.175
47.930
47.395
47.745
47.730
47.045
47.245
47.115
47.105
46.875
46.995
47.160
48.155
48.245
47.515
47.995
47.945
47.945
47.905
47.250
47.065
47.185
46.550
46.700
47.630
47.825
47.930
47.885
47.795
47.795
47.275
47.000
47.010
47.010
47.120
46.440
46.060
46.040
45.720
45.775
46.165
45.765
45.890
46.115
46.090
46.355
46.830
46.860
47.550
48.170
48.205
48.170
48.095
48.020
47.955
48.170
47.410
46.745
46.645
47.605
48.160
48.125
48.190
48.180
47.940
48.045
48.280
48.085
48.130
47.330
47.330
46.725
46.620
46.805
47.275
47.245
47.590
47.590
47.530
47.365
46.545
46.470
45.890
45.925
45.425
45.425
45.420
45.535
45.055
45.055
45.055
45.120
45.425
46.170
46.350
46.590
46.935
47.485
47.835
48.490
48.085
48.015
48.075
48.855
48.880
48.765
48.840
49.665
49.685
49.320
49.330
49.760
48.765
48.585
48.495
48.840
49.835
49.900
50.155
50.540
51.155
50.890
50.450
49.825
49.270
49.395
48.985
48.380
49.175
49.690
49.145
49.735
49.970
50.215
50.275
50.525
51.035
50.910
50.910
51.650
51.875
51.875
52.025
52.895
53.030
53.030
53.640
54.330
54.525
54.700
54.830
54.360
54.195
53.825
53.605
54.355
54.165
53.170
52.890
53.110
52.905
52.410
52.770
52.890
53.110
53.195
52.330
52.285
52.130
52.425
52.485
52.705
52.465
52.260
51.960
51.330
51.105
50.190
50.790
50.865
51.460
51.415
51.085
51.225
52.030
52.040
51.360
50.625
51.030
51.965
51.750
51.295
51.775
51.925
51.945
51.700
51.660
51.280
51.370
51.195
51.000
50.940
50.755
50.925
51.165
51.135
50.575
50.500
50.360
51.325
51.650
51.940
50.945
50.675
50.425
49.775
49.775
49.945
50.130
50.130
49.995
49.895
49.895
48.900
48.080
47.885
47.925
47.790
47.790
48.055
49.015
49.370
50.010
51.000
50.935
51.270
51.200
51.145
51.200
51.280
50.980
51.220
50.940
50.855
50.910
