-1.300
-1.200
-1.167
-1.175
-1.380
-1.367
-1.357
-1.200
-1.178
-1.200
-1.200
-1.183
-1.192
-1.179
-1.167
-1.106
-1.100
-1.094
-1.021
-1.040
-1.081
-1.118
-1.117
-1.125
-1.120
-1.115
-1.167
-1.196
-1.200
-1.203
-1.206
-1.178
-1.176
-1.171
-1.166
-1.161
-1.200
-1.208
-1.205
-1.220
-1.222
-1.233
-1.228
-1.234
-1.236
-1.248
-1.243
-1.238
-1.237
-1.224
-1.225
-1.221
-1.232
-1.248
-1.255
-1.257
-1.258
-1.253
-1.266
-1.275
-1.270
-1.277
-1.290
-1.286
-1.282
-1.277
-1.299
-1.287
-1.287
-1.283
-1.303
-1.274
-1.251
-1.273
-1.269
-1.259
-1.301
-1.309
-1.315
-1.314
-1.293
-1.291
-1.288
-1.280
-1.267
-1.264
-1.261
-1.258
-1.255
-1.259
-1.256
-1.246
-1.243
-1.240
-1.238
-1.239
-1.246
-1.251
-1.248
-1.250
-1.250
-1.251
-1.249
-1.246
-1.251
-1.249
-1.258
-1.256
-1.253
-1.256
-1.246
-1.246
-1.256
-1.257
-1.258
-1.257
-1.260
-1.249
-1.257
-1.243
-1.240
-1.243
-1.252
-1.256
-1.265
-1.272
-1.277
-1.275
-1.279
-1.275
-1.273
-1.291
-1.289
-1.287
-1.299
-1.299
-1.298
-1.298
-1.296
-1.296
-1.294
-1.296
-1.297
-1.295
-1.294
-1.292
-1.303
-1.298
-1.296
-1.295
-1.297
-1.312
-1.312
-1.316
-1.314
-1.322
-1.324
-1.327
-1.327
-1.326
-1.324
-1.325
-1.323
-1.321
-1.323
-1.328
-1.326
-1.331
-1.327
-1.325
-1.323
-1.321
-1.319
-1.310
-1.316
-1.323
-1.323
-1.371
-1.370
-1.368
-1.370
-1.368
-1.366
-1.367
-1.366
-1.366
-1.364
-1.349
-1.348
-1.347
-1.340
-1.344
-1.343
-1.381
-1.389
-1.388
-1.396
-1.394
-1.375
-1.369
-1.390
-1.388
-1.392
-1.389
-1.382
-1.395
-1.394
-1.398
-1.403
-1.397
-1.397
-1.397
-1.387
-1.383
-1.382
-1.382
-1.393
-1.409
-1.432
-1.410
-1.398
-1.377
-1.424
-1.426
-1.384
-1.052
-0.349
-0.281
-0.115
0.248
0.779
1.679
1.602
1.585
2.301
2.281
3.165
3.828
3.816
3.818
4.713
4.779
5.352
5.957
6.227
7.117
7.117
7.020
7.619
8.422
9.268
10.189
10.776
11.141
11.244
12.130
13.010
13.838
14.759
14.947
15.715
16.503
17.337
17.936
18.813
18.717
19.281
19.105
19.205
19.340
19.253
19.556
19.622
20.131
20.544
21.025
21.523
22.153
23.024
23.892
24.171
25.111
25.114
26.014
25.976
26.053
26.270
26.237
27.121
27.023
27.976
28.872
29.756
29.666
29.588
30.489
31.312
32.275
32.334
33.192
33.737
33.631
34.438
34.420
34.917
35.367
36.042
36.947
37.808
38.584
39.255
39.177
39.958
40.789
41.728
41.653
42.485
42.418
43.209
43.159
43.906
44.803
45.578
46.515
46.482
47.421
48.407
49.258
49.898
50.467
50.389
51.297
51.497
51.462
51.409
51.310
52.288
52.188
52.308
53.225
53.575
54.170
55.006
55.983
56.576
56.507
56.548
56.452
56.885
57.709
58.503
59.497
60.234
60.143
60.180
60.627
61.222
61.291
62.138
63.023
63.889
63.932
64.744
65.656
66.646
66.669
67.311
68.079
67.994
68.696
68.601
69.188
69.994
70.905
71.865
72.422
73.191
73.280
74.088
73.905
74.573
75.556
76.385
76.524
77.288
78.195
78.749
78.645
79.513
80.437
81.292
81.194
81.716
82.638
82.575
82.524
83.231
83.521
84.359
84.952
84.956
85.735
85.688
86.400
86.378
86.690
87.655
87.856
88.756
89.746
89.921
90.827
91.262
92.037
92.954
93.647
94.399
95.364
95.913
96.695
97.511
98.400
99.424
100.201
101.010
101.501
101.745
102.297
102.989
103.539
102.919
101.992
102.804
103.711
102.939
102.935
102.980
103.231
104.166
104.298
104.112
104.153
104.382
104.459
104.100
104.053
104.882
105.791
105.092
105.001
104.083
103.293
102.608
102.384
102.169
102.161
101.216
100.933
100.067
100.781
99.934
100.011
99.989
100.367
99.735
99.933
100.223
101.329
101.138
101.143
101.165
100.859
101.246
101.487
101.727
101.860
101.745
102.098
101.702
101.620
102.146
101.257
102.204
102.208
102.588
102.488
102.793
103.479
103.303
103.314
102.304
102.287
102.392
103.360
103.438
103.290
103.109
102.089
102.875
101.916
102.350
103.131
102.262
102.988
102.612
102.475
101.833
100.860
100.379
99.790
99.129
99.930
100.123
99.903
99.844
100.314
99.830
100.813
100.873
100.821
100.793
100.249
100.381
100.205
100.865
99.836
99.738
98.890
99.095
99.320
100.255
99.729
100.428
101.375
102.112
102.138
101.178
102.174
102.988
103.032
103.000
102.347
102.248
102.045
102.357
103.211
103.067
104.098
103.617
103.748
102.936
102.805
102.794
103.773
103.746
103.993
103.304
103.194
102.836
102.097
101.383
102.149
101.901
101.772
101.168
101.056
101.259
101.455
102.355
102.113
102.866
102.184
101.420
101.349
101.158
101.024
100.463
100.812
99.933
100.994
100.135
99.396
98.578
98.418
98.050
97.935
97.753
98.833
97.852
97.598
97.610
98.714
99.081
98.647
98.724
99.407
98.926
99.508
99.065
99.351
100.022
99.723
100.460
99.662
100.022
100.691
99.626
100.110
99.907
99.621
99.940
99.972
99.546
99.386
99.010
99.257
98.476
97.984
98.231
98.055
97.504
97.548
97.301
97.471
97.306
96.533
95.917
96.132
96.137
95.293
95.926
96.883
96.971
96.025
96.867
97.829
96.836
96.856
96.616
97.249
96.460
96.275
96.081
95.311
96.401
95.652
95.806
95.729
96.605
95.804
96.447
97.217
97.330
97.650
98.715
97.769
98.780
98.832
99.572
98.628
99.101
98.662
98.497
98.157
98.516
98.706
98.398
97.390
97.439
97.682
98.536
99.359
99.512
99.661
99.351
99.005
99.600
98.950
98.972
99.088
98.981
99.925
99.066
98.983
99.312
100.197
100.626
100.212
99.701
99.721
100.660
100.408
99.436
99.556
99.485
99.408
99.567
100.633
100.401
101.310
100.282
99.820
100.216
99.413
99.795
100.334
100.910
101.302
100.988
100.769
101.743
101.997
101.373
101.329
101.137
101.484
101.952
101.513
101.368
102.319
101.784
102.207
101.299
101.122
101.352
101.849
100.886
101.249
101.144
100.797
100.473
100.844
100.719
100.582
100.192
100.165
100.581
99.918
99.968
99.908
99.534
100.095
99.567
99.367
99.346
99.351
100.353
100.396
100.454
100.004
101.014
100.529
100.144
99.215
99.109
98.818
98.854
99.035
98.512
98.474
98.292
98.121
97.651
96.888
97.488
97.590
97.743
96.774
96.242
95.642
95.028
95.968
96.737
96.299
96.156
96.646
96.932
96.561
97.136
96.478
97.628
97.614
97.573
98.189
98.507
98.688
99.321
98.813
99.805
100.108
100.111
100.100
99.897
100.364
101.343
101.651
102.054
101.850
101.465
101.097
101.278
101.362
100.796
101.610
102.193
101.550
102.501
102.213
102.504
102.389
102.812
102.604
103.530
103.843
104.060
103.243
103.667
103.703
102.845
103.120
103.501
102.676
102.892
102.896
102.752
102.600
103.270
103.237
102.617
103.214
103.555
103.208
103.115
103.367
102.756
102.744
103.710
103.689
103.917
103.977
104.172
104.643
104.335
105.160
104.841
104.664
103.606
103.360
103.375
104.308
104.670
104.526
104.931
104.544
104.445
104.497
104.464
104.701
104.762
105.404
104.942
104.452
103.824
103.889
103.669
104.320
104.092
104.204
105.004
104.659
104.739
104.881
105.069
104.926
105.330
105.822
105.564
106.081
106.525
106.170
106.029
105.792
105.690
104.751
104.916
105.024
104.066
104.782
105.574
106.594
105.675
106.015
106.264
106.210
106.363
105.737
104.856
103.787
103.964
103.146
103.766
104.301
104.933
105.027
105.346
105.186
105.247
105.571
106.463
107.287
106.220
105.759
105.750
105.772
105.969
105.453
104.773
104.221
104.459
103.601
104.060
103.891
104.661
103.978
104.099
103.702
103.677
104.035
104.146
104.009
104.178
103.990
103.138
102.385
102.183
103.069
103.334
103.810
103.672
103.397
104.435
104.831
105.469
105.867
104.923
104.145
103.953
103.851
104.753
104.764
104.615
104.413
104.446
105.089
106.097
106.448
106.414
106.882
107.812
108.494
108.514
108.038
108.804
109.722
109.541
109.508
109.207
109.935
110.485
110.827
111.755
111.287
111.299
111.518
110.799
110.129
110.618
111.579
111.806
112.442
112.370
113.140
113.690
113.553
113.603
112.972
112.840
113.329
113.176
113.193
113.243
112.952
112.180
112.092
111.746
111.598
111.939
111.379
111.282
110.887
