-1.000
-1.000
-1.033
-1.050
-1.080
-1.067
-0.686
-0.725
-0.756
-0.780
-0.818
-0.842
-0.854
-0.864
-0.873
-0.881
-0.853
-0.872
-0.968
-0.970
-0.976
-0.977
-0.948
-0.967
-0.976
-0.981
-0.989
-0.989
-1.000
-1.000
-1.000
-1.013
-1.003
-1.009
-1.009
-1.028
-1.032
-1.050
-1.023
-1.028
-1.027
-1.026
-1.049
-1.048
-1.047
-1.048
-1.036
-1.040
-1.039
-1.024
-1.027
-1.027
-1.042
-1.046
-1.053
-1.052
-1.051
-1.059
-1.059
-1.070
-1.069
-1.068
-1.070
-1.069
-1.068
-1.068
-1.061
-1.060
-1.065
-1.071
-1.070
-1.069
-1.071
-1.073
-1.072
-1.071
-1.075
-1.076
-1.075
-1.074
-1.075
-1.074
-1.088
-1.087
-1.086
-1.085
-1.074
-1.074
-1.073
-1.082
-1.082
-1.074
-1.073
-1.074
-1.074
-1.073
-1.073
-1.072
-1.076
-1.075
-1.074
-1.074
-1.074
-1.080
-1.079
-1.079
-1.080
-1.081
-1.082
-1.081
-1.080
-1.079
-1.081
-1.081
-1.080
-1.079
-1.079
-1.078
-1.077
-1.087
-1.089
-1.089
-1.080
-1.079
-1.070
-1.070
-1.070
-1.070
-1.071
-1.071
-1.070
-1.070
-1.069
-1.069
-1.069
-1.068
-1.061
-1.060
-1.060
-1.059
-1.059
-1.058
-1.069
-1.069
-1.069
-1.068
-1.068
-1.068
-1.067
-1.067
-1.067
-1.066
-1.072
-1.071
-1.071
-1.071
-1.071
-1.073
-1.072
-1.072
-1.076
-1.076
-1.075
-1.075
-1.075
-1.074
-1.074
-1.077
-1.088
-1.087
-1.087
-1.086
-1.086
-1.086
-1.085
-1.085
-1.086
-1.088
-1.087
-1.087
-1.092
-1.091
-1.087
-1.086
-1.086
-1.085
-1.088
-1.091
-1.091
-1.091
-1.093
-1.092
-1.092
-1.091
-1.091
-1.091
-1.090
-1.090
-1.089
-1.092
-1.093
-1.093
-1.093
-1.092
-1.091
-1.092
-1.106
-1.106
-1.107
-1.103
-1.102
-1.103
-1.103
-1.103
-1.103
-1.103
-1.107
-1.106
-1.097
-1.097
-1.098
-1.099
-1.102
-1.100
-1.090
-1.089
-1.096
-1.093
-1.092
-1.092
-1.091
-1.089
-1.092
-1.091
-1.093
-1.090
-1.090
-1.087
-1.093
-1.091
-1.091
-1.091
-1.089
-1.107
-1.107
-1.106
-1.109
-1.106
-1.106
-1.111
-1.110
-1.111
-1.109
-1.109
-1.109
-1.104
-1.103
-1.103
-1.102
-1.104
-1.104
-1.099
-1.099
-1.099
-1.101
-1.100
-1.103
-1.099
-1.097
-1.089
-1.087
-1.087
-1.092
-1.092
-1.092
-1.093
-1.091
-1.090
-1.081
-1.081
-1.081
-1.081
-1.063
-1.065
-1.065
-1.063
-1.063
-1.065
-1.065
-1.062
-1.062
-1.065
-1.065
-1.064
-1.064
-1.064
-1.063
-1.064
-1.062
-1.063
-1.063
-1.063
-1.063
-1.056
-1.058
-1.057
-1.057
-1.056
-1.055
-1.056
-1.056
-1.058
-1.056
-1.058
-1.053
-1.053
-1.053
-1.055
-1.055
-1.044
-1.054
-1.054
-1.059
-1.062
-1.067
-1.070
-1.084
-1.079
-1.078
-1.075
-1.064
-1.065
-1.065
-1.064
-1.065
-1.065
-1.070
-1.071
-1.070
-1.071
-1.070
-1.071
-1.063
-1.063
-1.065
-1.067
-1.069
-1.058
-1.058
-1.058
-1.060
-1.062
-1.058
-1.058
-1.060
-1.069
-1.068
-1.067
-1.083
-1.082
-1.070
-1.071
-1.072
-1.073
-1.080
-1.081
-1.081
-1.086
-1.079
-1.079
-1.092
-1.092
-1.092
-1.091
-1.091
-1.093
-1.093
-1.092
-1.092
-1.093
-1.087
-1.089
-1.093
-1.093
-1.095
-1.090
-1.089
-1.086
-1.086
-1.085
-1.083
-1.083
-1.080
-1.080
-1.079
-1.075
-1.079
-1.079
-1.079
-1.076
-1.081
-1.081
-1.077
-1.079
-1.079
-1.075
-1.074
-1.077
-1.077
-1.078
-1.078
-1.078
-1.075
-1.081
-1.083
-1.087
-1.091
-1.091
-1.087
-1.085
-1.084
-1.084
-1.091
-1.097
-1.110
-1.111
-1.099
-1.103
-1.103
-1.107
-1.104
-1.104
-1.103
-1.099
-1.097
-1.097
-1.093
-1.093
-1.094
-1.086
-1.081
-1.082
-1.082
-1.064
-1.064
-1.064
-1.067
-1.063
-1.058
-1.056
-1.060
-1.060
-1.059
-1.054
-1.052
-1.058
-1.061
-1.059
-1.061
-1.052
-1.053
-1.058
-1.058
-1.053
-1.052
-1.061
-1.062
-1.042
-1.042
-1.046
-1.049
-1.048
-1.039
-1.038
-1.019
-1.018
-1.001
-0.994
-1.003
-1.003
-1.002
-0.987
-0.999
-0.997
-0.953
-0.957
-0.929
-0.905
-0.884
-0.887
-0.884
-0.886
-0.776
-0.761
-0.719
-0.716
-0.711
-0.703
-0.693
-0.688
-0.655
-0.609
-0.441
-0.420
-0.394
-0.384
-0.362
-0.303
-0.264
-0.263
-0.180
-0.055
-0.011
0.209
0.740
0.740
0.844
1.304
1.475
1.570
1.841
2.382
2.441
2.488
2.523
2.572
3.094
3.063
3.251
3.247
3.236
4.191
4.675
5.376
5.468
6.026
6.012
6.962
7.920
7.896
8.103
8.633
8.669
9.497
10.082
10.929
11.752
11.689
11.720
12.241
13.075
13.068
13.475
13.450
14.137
14.610
15.313
15.313
15.687
16.368
16.972
16.998
17.535
18.255
18.297
18.819
19.160
19.743
20.045
20.045
20.232
21.193
22.077
22.441
22.606
23.063
23.123
23.732
24.626
25.148
25.213
25.691
26.317
26.385
27.222
27.219
28.082
28.587
28.723
29.414
29.737
30.648
30.596
30.968
31.885
32.809
33.091
34.074
34.208
34.169
34.415
35.316
35.738
36.096
36.831
37.508
38.353
39.158
39.629
39.955
40.872
40.808
41.178
41.396
41.595
41.812
42.514
42.914
43.744
44.164
44.762
45.470
46.003
46.089
46.154
47.127
47.721
47.685
48.652
48.730
49.726
49.626
50.493
50.681
51.395
51.440
52.431
53.053
52.959
53.652
54.383
54.635
54.553
55.430
55.299
56.143
56.048
56.707
56.814
57.164
57.392
58.341
59.248
59.912
59.873
59.807
60.384
60.419
60.848
61.564
62.465
63.014
63.014
63.960
63.965
64.572
65.276
65.201
65.904
66.738
66.686
67.558
67.589
68.501
69.135
69.190
69.897
70.664
70.676
71.664
72.048
72.850
72.907
73.230
73.486
74.284
75.246
76.080
76.091
76.599
76.540
76.898
77.012
76.941
77.007
77.497
77.918
78.590
78.529
79.382
80.238
80.774
80.515
81.199
82.009
82.603
82.504
82.345
83.299
84.000
84.801
84.892
85.849
86.630
86.833
87.370
87.820
87.515
87.455
87.398
87.863
87.324
87.208
87.177
87.729
88.594
89.080
90.012
90.488
90.454
90.374
90.385
89.899
89.118
89.883
89.829
89.924
89.270
88.843
89.037
88.810
88.900
89.677
89.393
89.451
88.933
89.066
89.827
89.817
90.295
90.083
91.075
91.618
91.559
91.504
91.935
91.367
91.319
91.559
91.130
90.774
91.491
91.371
91.569
91.623
91.700
91.732
91.827
91.443
92.272
92.893
91.843
91.821
92.126
92.884
92.391
92.760
92.063
91.850
92.306
93.032
93.263
93.631
93.745
93.662
94.516
94.452
94.732
94.716
95.029
95.370
95.151
95.128
95.728
95.321
95.346
95.715
95.533
96.113
96.728
96.502
95.540
95.289
95.334
94.839
94.074
93.925
94.117
93.568
93.688
93.468
93.559
94.180
94.466
94.741
94.450
94.752
95.297
94.632
94.610
93.948
93.548
92.932
93.416
93.925
93.364
93.749
93.805
93.767
94.098
93.818
94.264
93.512
93.666
93.665
94.328
94.025
94.347
95.397
95.381
95.639
96.129
96.112
95.502
95.579
95.591
96.380
96.716
97.153
97.791
98.104
97.819
97.660
97.557
98.546
98.444
97.873
98.502
98.915
98.890
98.114
98.477
98.913
97.873
98.104
97.643
96.837
97.117
96.454
95.620
95.884
94.877
94.833
94.127
94.033
94.106
93.439
92.765
93.274
92.475
91.990
91.188
91.145
90.776
90.833
89.944
89.036
88.224
88.351
87.871
88.417
88.758
89.189
90.097
90.970
90.395
90.129
89.828
90.340
89.439
89.384
88.886
88.969
88.851
88.159
87.923
88.995
89.325
88.979
89.211
88.991
89.770
89.451
89.264
88.923
89.023
88.489
89.017
89.828
90.614
90.884
91.826
92.603
92.832
93.204
92.737
91.972
90.982
91.246
91.785
91.846
91.775
92.545
93.541
93.264
92.997
93.904
94.344
94.207
93.957
94.983
95.135
94.778
94.992
94.988
95.528
95.528
95.523
95.465
95.246
95.619
94.538
94.065
94.135
94.157
93.987
94.166
94.801
94.801
95.411
96.120
96.126
95.876
94.776
94.879
94.587
94.987
94.311
94.410
94.558
94.129
94.134
93.417
93.735
93.702
93.683
93.410
94.468
94.468
93.549
93.467
93.412
92.566
93.108
92.715
91.907
91.155
90.269
90.156
89.732
89.831
89.212
90.255
89.188
89.512
89.426
88.848
88.430
88.612
88.369
