5.000
3.950
3.100
2.125
1.460
2.150
1.729
1.762
1.511
1.530
1.255
1.150
1.085
0.929
0.800
0.687
0.882
0.717
0.558
0.525
0.600
0.773
0.678
0.646
0.788
0.815
0.763
0.779
0.731
0.657
0.797
0.778
0.855
0.938
0.903
0.881
0.846
0.955
0.892
0.927
0.866
0.888
1.053
1.050
0.980
0.978
1.019
0.967
0.994
0.950
0.937
0.888
0.838
0.796
0.756
0.871
1.007
1.003
0.986
1.017
0.980
0.935
0.976
0.939
0.966
0.953
0.999
0.991
1.000
1.013
1.010
0.975
0.973
0.945
0.909
0.870
0.990
1.055
1.027
1.009
0.983
0.949
0.925
0.893
0.860
0.828
0.802
0.776
0.845
0.819
0.827
0.805
0.782
0.762
0.728
0.729
0.756
0.738
0.782
0.778
0.775
0.793
0.777
0.751
0.768
0.763
0.742
0.762
0.750
0.742
0.750
0.862
0.886
0.869
0.854
0.838
0.864
0.839
0.860
0.893
0.904
0.888
0.870
0.852
0.887
0.897
0.877
0.862
0.862
0.849
0.879
0.876
0.881
0.860
0.844
0.851
0.858
0.848
0.832
0.816
0.811
0.811
0.830
0.808
0.850
0.869
0.856
0.851
0.840
0.863
0.871
0.857
0.841
0.833
0.818
0.801
0.797
0.794
0.787
0.775
0.789
0.793
0.791
0.794
0.791
0.781
0.775
0.761
0.780
0.769
0.765
0.749
0.748
0.750
0.747
0.737
0.734
0.722
0.739
0.734
0.729
0.736
0.725
0.711
0.701
0.712
0.704
0.699
0.693
0.696
0.685
0.709
0.712
0.705
0.699
0.749
0.738
0.737
0.723
0.710
0.690
0.679
0.666
0.672
0.672
0.640
0.712
0.700
0.702
0.687
0.714
0.738
0.752
0.750
0.758
0.760
0.748
0.762
0.765
0.762
0.751
0.736
0.759
0.771
0.783
0.790
0.779
0.765
0.763
0.770
0.740
0.747
0.725
0.698
0.708
0.696
0.693
0.663
0.666
0.653
0.662
0.684
0.645
0.635
0.637
0.625
0.644
0.652
0.644
0.664
0.666
0.689
0.691
0.702
0.716
0.682
0.632
0.624
0.625
0.615
0.617
0.619
0.607
0.601
0.581
0.596
0.568
0.596
0.584
0.587
0.597
0.602
0.597
0.611
0.610
0.618
0.567
0.533
0.534
0.534
0.535
0.533
0.535
0.548
0.552
0.589
0.596
0.601
0.559
0.573
0.560
0.584
0.585
0.591
0.595
0.594
0.577
0.577
0.544
0.541
0.548
0.577
0.584
0.588
0.577
0.570
0.599
0.580
0.595
0.614
0.609
0.542
0.516
0.526
0.560
0.564
0.545
0.558
0.536
0.531
0.526
0.535
0.545
0.558
0.531
0.523
0.581
0.579
0.579
0.587
0.554
0.548
0.532
0.533
0.526
0.526
0.529
0.540
0.585
0.588
0.581
0.591
0.606
0.615
0.584
0.561
0.562
0.612
0.613
0.607
0.601
0.602
0.605
0.609
0.609
0.629
0.623
0.616
0.620
0.634
0.612
0.598
0.588
0.570
0.562
0.565
0.586
0.585
0.562
0.570
0.565
0.567
0.561
0.563
0.575
0.570
0.589
0.632
0.613
0.612
0.629
0.608
0.616
0.623
0.624
0.608
0.610
0.603
0.618
0.618
0.626
0.599
0.584
0.586
0.579
0.523
0.538
0.524
0.529
0.535
0.525
0.519
0.518
0.523
0.520
0.516
0.469
0.465
0.469
0.479
0.473
0.443
0.432
0.442
0.432
0.462
0.454
0.445
0.450
0.448
0.444
0.433
0.411
0.397
0.363
0.352
0.357
0.374
0.389
0.400
0.402
0.397
0.398
0.428
0.424
0.426
0.443
0.441
0.443
0.447
0.447
0.414
0.421
0.421
0.426
0.434
0.397
0.427
0.448
0.425
0.422
0.411
0.415
0.427
0.420
0.429
0.426
0.433
0.426
0.416
0.431
0.449
0.495
0.504
0.505
0.488
0.491
0.458
0.457
0.434
0.437
0.436
0.447
0.433
0.438
0.502
0.504
0.498
0.512
0.508
0.515
0.533
0.535
0.525
0.544
0.510
0.501
0.496
0.529
0.535
0.529
0.506
0.527
0.538
0.546
0.535
0.542
0.547
0.547
0.554
0.553
0.521
0.512
0.519
0.530
0.545
0.522
0.524
0.522
0.512
0.550
0.558
0.582
0.582
0.563
0.565
0.557
0.590
0.584
0.559
0.554
0.555
0.547
0.558
0.569
0.559
0.531
0.544
0.537
0.540
0.544
0.562
0.558
0.564
0.599
0.612
0.612
0.594
0.559
0.568
0.571
0.551
0.509
0.506
0.514
0.531
0.534
0.476
0.488
0.470
0.473
0.482
0.482
0.470
0.483
0.466
0.487
0.501
0.494
0.486
0.490
0.499
0.528
0.537
0.553
0.576
0.547
0.546
0.554
0.563
0.567
0.565
0.559
0.543
0.532
0.543
0.515
0.510
0.503
0.515
0.531
0.543
0.536
0.552
0.556
0.551
0.558
0.561
0.557
0.543
0.558
0.563
0.563
0.562
0.566
0.589
0.574
0.585
0.675
0.671
0.668
0.663
0.681
0.676
0.713
0.716
0.703
0.721
0.712
0.704
0.690
0.690
0.680
0.687
0.700
0.668
0.672
0.669
0.684
0.700
0.711
0.713
0.719
0.728
0.738
0.734
0.762
0.751
0.742
0.724
0.719
0.716
0.723
0.699
0.702
0.739
0.725
0.728
0.743
0.736
0.729
0.729
0.733
0.745
0.777
0.781
0.794
0.796
0.785
0.791
0.815
0.822
0.816
0.798
0.795
0.795
0.795
0.786
0.788
0.792
0.782
0.765
0.710
0.707
0.721
0.718
0.719
0.738
0.740
0.760
0.744
0.745
0.756
0.752
0.751
0.684
0.676
0.680
0.691
0.702
0.698
0.682
0.683
0.682
0.676
0.685
0.687
0.692
0.660
0.657
0.657
0.655
0.646
0.675
0.676
0.719
0.721
0.716
0.719
0.703
0.711
0.715
0.722
0.726
0.705
0.699
0.701
0.721
0.711
0.697
0.666
0.655
0.638
0.624
0.611
0.619
0.640
0.598
0.638
0.638
0.659
0.653
0.657
0.648
0.632
0.634
0.604
0.618
0.623
0.616
0.662
0.670
0.684
0.690
0.664
0.633
0.628
0.630
0.622
0.628
0.663
0.659
0.680
0.684
0.695
0.680
0.690
0.724
0.726
0.723
0.745
0.741
0.740
0.745
0.733
0.730
0.709
0.690
0.685
0.684
0.692
0.742
0.732
0.733
0.733
0.711
0.711
0.739
0.729
0.736
0.771
0.785
0.806
0.805
0.812
0.805
0.835
0.795
0.809
0.851
0.819
0.816
0.867
0.847
0.857
0.865
0.855
0.861
0.847
0.866
0.862
0.851
0.852
0.868
0.880
0.854
0.890
0.883
0.796
0.809
0.815
0.829
0.817
0.865
0.835
0.836
0.825
0.804
0.800
0.798
0.793
0.794
0.795
0.839
0.842
0.870
0.860
0.872
0.878
0.875
0.863
0.882
0.875
0.874
0.870
0.876
0.852
0.845
0.839
0.865
0.873
0.866
0.875
0.870
0.886
0.851
0.870
0.871
0.867
0.862
0.869
0.861
0.843
0.838
0.822
0.812
0.792
0.763
0.748
0.760
0.737
0.723
0.762
0.758
0.767
0.761
0.768
0.783
0.797
0.797
0.816
0.857
0.859
0.858
0.904
0.901
0.923
0.908
0.908
0.892
0.888
0.900
0.886
0.907
0.928
0.933
0.930
0.948
0.924
0.981
0.990
0.994
1.008
1.010
0.994
0.987
0.985
1.052
1.073
1.071
1.075
1.088
1.072
1.021
1.027
0.996
0.982
0.993
1.010
1.022
1.024
1.003
0.994
1.006
1.037
1.055
1.056
1.043
1.053
1.061
1.045
1.039
1.043
1.047
1.098
1.081
1.099
1.095
1.067
1.090
1.062
1.062
1.097
1.087
1.114
1.110
1.127
1.097
1.115
1.115
1.076
1.047
1.039
1.030
1.029
1.042
1.031
1.056
1.079
1.061
1.029
1.036
1.041
1.033
1.019
1.063
1.050
1.064
1.086
1.087
1.066
1.107
1.104
1.179
1.200
1.225
1.236
1.238
1.248
1.260
1.246
1.185
1.171
1.186
1.187
1.183
1.186
1.161
1.190
1.173
1.141
1.140
1.135
1.155
1.143
1.162
1.169
1.175
1.162
1.112
1.114
1.114
1.064
1.120
1.115
1.120
1.128
1.121
1.157
1.150
1.127
1.127
1.130
1.114
1.137
1.161
1.129
1.135
1.134
1.123
1.124
1.113
1.134
1.078
1.075
1.095
1.100
1.114
1.119
1.119
1.118
1.129
1.135
1.117
1.105
1.102
1.103
1.095
1.067
1.049
1.049
1.025
1.034
1.018
1.006
1.004
1.006
1.018
1.013
0.986
0.995
1.021
1.004
1.037
1.005
1.025
1.013
1.017
1.008
1.011
1.025
1.038
1.069
1.065
1.048
1.062
1.068
1.082
1.118
1.100
1.097
1.095
1.076
1.086
1.075
1.073
1.090
1.074
1.069
1.064
1.043
1.004
1.027
1.029
0.978
0.989
0.989
0.982
1.018
1.041
1.061
1.043
1.042
1.041
1.030
1.025
1.028
1.022
1.029
0.970
0.960
0.961
0.940
0.936
0.932
0.926
0.927
0.859
0.845
0.837
0.840
0.836
0.858
0.859
0.857
0.862
0.869
0.855
0.884
0.875
0.854
0.860
0.880
0.868
0.841
0.817
0.810
0.807
0.795
0.788
0.792
0.805
0.802
0.803
0.757
0.759
0.717
0.788
0.783
0.760
0.767
0.784
0.743
0.756
0.727
0.741
0.728
0.746
0.741
0.732
0.730
0.741
0.746
0.750
0.791
0.789
0.788
0.766
0.777
0.784
0.775
0.797
0.789
0.794
0.815
0.770
0.780
0.740
0.697
0.697
0.682
0.637
0.638
0.576
0.587
0.566
0.564
0.570
0.577
0.558
0.571
0.577
0.568
0.564
0.548
0.548
0.545
0.561
0.533
0.540
0.542
0.530
0.519
0.501
0.501
0.508
0.474
0.472
0.507
0.496
0.491
0.494
0.522
0.468
0.459
0.455
0.481
0.483
0.447
0.458
0.485
0.527
0.530
0.559
0.530
0.518
0.559
0.558
0.560
0.558
0.559
0.557
0.568
0.573
0.577
0.562
0.564
0.613
0.624
0.655
0.657
0.660
0.664
0.631
0.627
0.600
0.617
0.621
0.626
0.631
0.651
0.662
0.654
0.680
0.680
0.685
0.696
0.714
0.750
0.758
0.759
0.735
0.732
0.696
0.709
0.703
0.711
0.741
0.760
0.761
0.736
0.726
0.692
0.741
0.755
0.747
0.761
0.757
0.721
0.741
0.765
0.760
0.741
0.758
0.779
0.791
0.779
0.782
0.790
0.836
0.829
0.855
0.841
0.835
0.826
0.819
0.793
0.829
0.794
0.792
0.777
0.797
0.785
0.768
0.763
0.772
0.774
0.783
0.771
0.761
0.776
0.796
0.809
0.819
0.843
0.871
0.889
0.924
0.927
0.922
0.921
0.913
0.924
0.931
0.945
0.942
0.999
1.011
0.972
0.984
0.997
0.991
0.974
0.963
0.977
0.969
0.988
0.994
0.996
1.033
1.028
1.040
1.033
1.035
1.029
1.028
1.035
0.971
0.971
1.008
1.013
0.994
0.992
0.998
1.002
1.006
1.006
1.017
1.002
1.066
1.061
1.043
1.044
1.054
1.032
1.065
1.066
1.065
1.042
1.037
1.049
1.027
1.034
1.045
1.006
1.010
1.013
1.003
1.007
1.016
1.019
1.036
1.063
1.065
1.052
1.053
1.040
1.035
1.024
1.039
1.060
1.059
1.076
1.064
1.059
1.074
1.101
1.110
1.104
1.089
1.077
1.086
1.085
1.088
1.088
1.059
1.066
1.066
1.034
1.032
1.032
1.065
1.046
1.062
1.056
1.061
1.025
1.023
1.034
1.012
0.991
0.946
0.960
0.957
0.960
0.962
0.935
0.931
0.935
0.945
0.966
0.971
0.970
0.968
0.984
0.980
0.970
0.913
0.907
0.876
0.869
0.852
0.858
0.848
0.860
0.869
0.863
0.872
0.874
0.881
0.877
0.869
0.875
0.856
0.854
0.845
0.868
0.853
0.832
0.830
0.862
0.863
0.882
0.886
0.879
0.892
0.871
0.835
0.823
0.824
0.832
0.842
0.854
0.810
0.797
0.789
0.781
0.781
0.786
0.783
0.760
0.765
0.789
0.776
0.757
0.737
0.728
0.752
0.731
0.690
0.708
0.682
0.678
0.690
0.693
0.688
0.693
0.658
0.671
0.651
0.650
0.628
0.632
0.641
0.709
0.700
0.694
0.753
0.766
0.771
0.774
0.750
0.762
0.759
0.745
0.730
0.725
0.716
0.703
0.713
0.713
0.714
0.700
0.709
0.701
0.687
0.624
0.618
0.636
0.631
0.627
0.643
0.644
0.643
0.633
0.636
0.618
0.603
0.599
0.569
0.579
0.555
0.559
0.567
0.564
0.561
0.552
0.550
0.548
0.509
0.502
0.505
0.509
0.498
0.513
0.516
0.517
0.504
0.489
0.439
0.435
0.443
0.432
0.416
0.399
0.358
0.371
0.372
0.420
0.441
0.446
0.443
0.421
0.461
0.486
0.490
0.483
0.510
0.530
0.520
0.519
0.507
0.494
0.477
0.458
0.459
0.477
0.503
0.496
0.485
0.479
0.492
0.480
0.493
0.509
0.496
0.493
0.466
0.472
0.472
0.485
0.476
0.491
0.503
0.529
0.537
0.533
0.536
0.550
0.587
0.599
0.558
0.543
0.531
0.532
0.521
0.540
0.569
0.560
0.579
0.577
0.582
0.591
0.564
0.551
0.541
0.522
0.543
0.550
0.537
0.511
0.507
0.499
0.498
0.479
0.489
0.493
0.519
0.512
0.519
0.528
0.532
0.521
0.521
0.511
0.522
0.538
0.531
0.544
0.534
0.546
0.548
0.548
0.562
0.565
0.569
0.531
0.540
0.540
0.547
0.507
0.501
0.519
0.517
0.542
0.540
0.552
0.551
0.549
0.555
0.548
0.560
0.549
0.566
0.564
0.585
0.578
0.582
0.583
0.608
0.603
0.621
0.597
0.585
0.595
0.612
0.611
0.617
0.619
0.628
0.661
0.667
0.654
0.662
0.659
0.669
0.664
0.661
0.675
0.680
0.675
0.681
0.681
0.681
0.629
0.624
0.655
0.578
0.573
0.593
0.571
0.584
0.594
0.589
0.590
0.586
0.586
0.557
0.559
0.555
0.554
0.561
0.548
0.564
0.563
0.634
0.641
0.640
0.613
0.605
0.594
0.583
0.586
0.598
0.599
0.623
0.620
0.647
0.666
0.656
0.696
0.705
0.702
0.689
0.697
0.701
0.716
0.721
0.741
0.744
0.741
0.781
0.778
0.766
0.761
0.759
0.755
0.779
0.795
0.792
0.798
0.806
0.805
0.807
0.828
0.830
0.820
0.818
0.758
0.732
0.724
0.725
0.732
0.679
0.698
0.710
0.702
0.698
0.676
0.677
0.721
0.736
0.731
0.742
0.739
0.753
0.739
0.713
0.730
0.729
0.705
0.694
0.711
0.701
0.689
0.708
0.702
0.703
0.712
0.716
0.712
0.730
0.713
0.726
0.698
0.695
0.746
0.747
0.756
0.720
0.730
0.735
0.738
0.735
0.744
0.750
0.738
0.722
0.726
0.707
0.705
0.703
0.689
0.699
0.709
0.703
0.711
0.697
0.684
0.687
0.683
0.695
0.669
0.714
0.712
0.703
0.700
0.683
0.733
0.723
0.723
0.732
0.746
0.773
0.777
0.759
0.734
0.733
0.735
0.736
0.709
0.722
0.715
0.696
0.713
0.705
0.719
0.708
0.709
0.697
0.718
0.730
0.699
0.726
0.704
0.717
0.704
0.708
0.696
0.696
0.696
0.693
0.709
0.684
0.718
0.708
0.705
0.683
0.676
0.643
0.675
0.653
0.656
0.662
0.652
0.631
0.632
0.621
0.625
0.620
0.581
0.582
0.583
0.587
0.585
0.617
0.620
0.634
0.600
0.608
0.609
0.653
0.650
0.640
0.635
0.633
0.625
0.624
0.633
0.625
0.641
0.637
0.598
0.608
0.602
0.628
0.639
0.640
0.644
0.659
0.686
0.681
0.680
0.659
0.659
0.616
0.606
0.614
0.642
0.655
0.667
0.675
0.671
0.662
0.652
0.653
0.653
0.642
0.628
0.628
0.599
0.592
0.595
0.603
0.597
0.616
0.605
0.595
0.588
0.596
0.596
0.573
0.584
0.587
0.583
0.592
0.593
0.602
0.598
0.590
0.590
0.648
0.658
0.664
0.643
0.641
0.645
0.656
0.649
0.652
0.662
0.671
0.690
0.694
0.652
0.632
0.673
0.658
0.656
0.657
0.615
0.595
0.662
0.676
0.681
0.658
0.666
0.703
0.698
0.694
0.694
0.697
0.681
0.679
0.685
0.685
0.680
0.683
0.686
0.691
0.684
0.681
0.702
0.676
0.710
0.714
0.669
0.662
0.700
0.701
0.680
0.675
0.688
0.685
0.677
0.670
0.668
0.696
0.708
0.730
0.751
0.767
0.758
0.753
0.775
0.797
0.790
0.780
0.807
0.827
0.844
0.830
0.834
0.790
0.801
0.817
0.833
0.818
0.769
0.771
0.774
0.777
0.752
0.741
0.735
0.752
0.755
0.751
0.807
0.806
0.806
0.807
0.809
0.820
0.802
0.799
0.806
0.812
0.808
0.810
0.784
0.780
0.830
0.810
0.807
0.778
0.811
0.807
0.811
0.804
0.808
0.814
0.814
0.812
0.788
0.798
0.834
0.839
0.838
0.830
0.807
0.814
0.814
0.808
0.806
0.845
0.849
0.827
0.852
0.848
0.844
0.846
0.855
0.838
0.854
0.830
0.827
0.818
0.815
0.796
0.819
0.776
0.796
0.796
0.779
0.815
0.797
0.794
0.777
0.758
0.772
0.769
0.774
0.774
0.784
0.792
0.773
0.775
0.774
0.767
0.763
0.759
0.760
0.756
0.754
0.730
0.735
0.749
0.721
0.709
0.713
0.771
0.776
0.775
0.804
0.787
0.789
0.785
0.816
0.817
0.804
0.803
0.798
0.784
0.800
0.791
0.836
0.842
0.835
0.830
0.851
0.858
0.852
0.860
0.875
0.869
0.872
0.826
0.823
0.825
0.826
0.785
0.788
0.803
0.830
0.828
0.849
0.840
0.849
0.854
0.869
0.859
0.833
0.830
0.849
0.855
0.833
0.833
0.853
0.889
0.888
0.886
0.853
0.836
0.835
0.849
0.841
0.820
0.817
0.823
0.825
0.826
0.822
0.849
0.865
0.840
0.827
0.832
0.820
0.834
0.850
0.838
0.831
0.838
0.804
0.796
0.787
0.811
0.759
0.777
0.778
0.815
0.820
0.828
0.848
0.867
0.863
0.840
0.821
0.803
0.799
0.788
0.811
0.811
0.788
0.771
0.772
0.776
0.790
0.769
0.756
0.760
0.767
0.764
0.753
0.731
0.713
0.730
0.743
0.777
0.772
0.773
0.777
0.762
0.761
0.742
0.731
0.729
0.656
0.683
0.718
0.706
0.704
0.703
0.732
0.746
0.738
0.724
0.715
0.710
0.707
0.729
0.745
0.740
0.788
0.789
0.782
0.785
0.791
0.798
0.818
0.788
0.821
0.825
0.819
0.797
0.763
0.768
0.764
0.774
0.779
0.813
0.817
0.814
0.821
0.794
0.790
0.811
0.785
0.796
0.809
0.797
0.788
0.805
0.799
0.781
0.794
0.852
0.863
0.891
0.876
0.898
0.895
0.905
0.910
0.906
0.906
0.908
0.928
0.939
0.946
0.963
0.966
0.972
0.966
0.936
0.934
0.939
0.956
0.958
0.937
0.949
0.945
0.946
0.947
0.944
0.939
0.911
0.929
0.949
0.946
0.886
0.897
0.895
0.881
0.886
0.888
0.887
0.847
0.854
0.849
0.866
0.889
0.900
0.882
0.879
0.838
0.836
0.847
0.840
0.820
0.789
0.784
0.770
0.752
0.737
0.741
0.746
0.748
0.745
0.752
0.757
0.746
0.724
0.714
0.733
0.713
0.707
0.701
0.746
0.775
0.787
0.821
0.859
0.840
0.849
0.829
0.835
0.851
0.827
0.831
0.829
0.797
0.795
0.801
0.799
0.795
0.781
0.784
0.785
0.792
0.820
0.818
0.788
0.773
0.783
0.810
0.831
0.831
0.806
0.791
0.797
0.780
0.782
0.816
0.868
0.868
0.867
0.893
0.885
0.883
0.854
0.840
0.837
0.817
0.855
0.861
0.852
0.861
0.855
0.929
0.921
0.918
0.937
0.988
0.991
0.994
1.024
1.017
1.028
1.025
1.020
1.009
1.013
1.054
1.068
1.092
1.076
1.063
1.046
1.041
1.029
1.031
1.037
1.043
1.046
1.048
1.051
1.049
1.020
0.995
0.992
0.996
0.988
0.956
0.947
0.936
0.931
0.931
0.939
0.962
0.948
0.882
0.879
0.824
0.823
0.802
0.795
0.787
0.786
0.766
0.785
0.741
0.746
0.743
0.760
0.765
0.753
0.761
0.758
0.749
0.724
0.765
0.763
0.756
0.743
0.747
0.730
0.726
0.726
0.719
0.750
0.753
0.742
0.737
0.777
0.795
0.747
0.753
0.726
0.722
0.694
0.679
0.664
0.666
0.644
0.641
0.643
0.639
0.640
0.649
0.620
0.624
0.614
0.619
0.615
0.622
0.619
0.598
0.583
0.611
0.605
0.603
0.603
0.583
0.594
0.608
0.608
0.602
0.609
0.598
0.588
0.572
0.588
0.583
0.568
0.586
0.638
0.637
0.649
0.648
0.669
0.653
0.649
0.651
0.662
0.658
0.664
0.650
0.653
0.657
0.698
0.711
0.713
0.707
0.701
0.698
0.736
0.734
0.731
0.732
0.726
0.751
0.768
0.751
0.734
0.725
0.729
0.731
0.683
0.626
0.616
0.583
0.549
0.549
0.550
0.555
0.562
0.530
0.510
0.513
0.586
0.576
0.577
0.569
0.558
0.576
0.571
0.564
0.558
0.556
0.523
0.530
0.539
0.538
0.531
0.526
0.497
0.519
0.521
0.525
0.526
0.547
0.540
0.506
0.488
0.485
0.470
0.431
0.422
0.424
0.426
0.421
0.417
0.417
0.370
0.363
0.353
0.374
0.433
0.380
0.398
0.371
0.339
0.279
0.272
0.294
0.263
0.230
0.218
0.223
0.240
0.251
0.251
0.212
0.212
0.216
0.215
0.214
0.205
0.211
0.244
0.259
0.277
0.275
0.272
0.320
0.319
0.351
0.370
0.400
0.401
0.428
0.449
0.452
0.445
0.506
0.516
0.583
0.593
0.570
0.571
0.576
0.586
0.594
0.588
0.585
0.588
0.595
0.589
0.596
0.590
0.585
0.580
0.584
0.578
0.574
0.578
0.579
0.576
0.572
0.559
0.533
0.544
0.562
0.562
0.570
0.568
0.574
0.564
0.572
0.544
0.572
0.603
0.606
0.580
0.551
0.536
0.522
0.534
0.542
0.595
0.621
0.623
0.621
0.621
0.628
0.629
0.618
0.610
0.608
0.627
0.626
0.621
0.614
0.616
0.608
0.633
0.643
0.651
0.619
0.612
0.611
0.654
0.674
0.688
0.674
0.676
0.668
0.655
0.676
0.684
0.702
0.709
0.719
0.759
0.759
0.703
0.715
0.697
0.703
0.703
0.701
0.705
0.706
0.700
0.727
0.740
0.761
0.776
0.772
0.735
0.746
0.776
0.788
0.803
0.807
0.772
0.779
0.780
0.804
0.778
0.756
0.755
0.816
0.838
0.846
0.840
0.848
0.858
0.866
0.883
0.881
0.887
0.896
0.888
0.892
0.877
0.888
0.895
0.889
0.818
0.843
0.847
0.852
0.856
0.847
0.869
0.869
0.872
0.882
0.884
0.879
0.871
0.875
0.888
0.868
0.872
0.862
0.881
0.875
0.868
0.853
0.858
0.875
0.866
0.887
0.896
0.898
0.932
0.956
0.976
1.007
1.005
1.006
1.002
1.010
1.020
1.004
0.949
0.954
0.944
0.959
0.968
0.977
0.999
0.997
1.014
1.012
1.018
1.039
1.025
1.019
1.035
1.040
1.088
1.068
1.077
1.082
1.098
1.112
1.088
1.075
1.052
1.050
1.051
1.009
1.037
1.007
0.999
0.979
1.004
0.973
0.954
1.006
1.030
0.974
0.975
0.957
0.941
0.947
0.929
0.962
0.956
0.968
0.970
0.997
1.009
1.008
1.011
1.011
1.007
1.021
1.016
1.026
1.030
1.027
1.025
1.021
1.015
1.034
1.065
1.046
1.060
1.044
1.063
1.074
1.088
1.097
1.116
1.136
1.148
1.123
1.090
1.086
1.070
1.088
1.097
1.100
1.117
1.133
1.085
1.059
1.065
1.113
1.123
1.134
1.125
1.160
1.161
1.118
1.103
1.102
1.106
1.110
1.101
1.109
1.077
1.099
1.090
1.092
1.102
1.113
1.082
1.075
1.052
1.108
1.133
1.162
1.163
1.162
1.177
1.164
1.236
1.245
1.215
1.192
1.215
1.205
1.214
1.240
1.214
1.253
1.246
1.242
1.239
1.210
1.192
1.169
1.155
1.156
1.156
1.178
1.154
1.138
1.123
1.128
1.132
1.127
1.130
1.102
1.113
1.118
1.141
1.085
1.065
1.055
1.079
1.069
1.057
1.062
1.054
1.088
1.075
1.127
1.151
1.144
1.132
1.116
1.113
1.110
1.112
1.103
1.103
1.099
1.120
1.132
1.139
1.142
1.143
1.131
1.129
1.134
1.139
1.133
1.122
1.127
1.124
1.117
1.132
1.131
1.126
1.137
1.139
1.128
1.140
1.120
1.131
1.150
1.115
1.095
1.066
1.039
1.058
1.057
1.048
1.045
1.030
1.016
1.012
0.974
0.965
0.953
0.946
0.950
0.931
0.915
0.936
0.950
0.944
