72.000
58.500
51.000
40.250
34.000
42.667
40.143
40.375
37.111
37.300
35.000
35.417
36.846
34.571
32.667
30.625
32.941
31.444
30.947
29.900
31.429
32.773
31.435
31.750
34.080
33.962
33.074
33.107
32.310
31.267
33.000
32.719
33.212
33.647
33.086
32.639
32.081
33.947
33.103
33.425
32.732
32.976
34.767
34.659
34.022
33.826
34.191
33.625
34.102
33.500
33.216
33.038
32.472
32.463
32.018
33.250
34.509
34.328
34.034
34.600
34.295
33.790
34.063
33.562
34.092
33.848
34.284
34.206
34.174
34.614
34.394
33.931
33.890
33.743
33.347
33.066
34.753
35.308
34.911
34.700
34.469
34.171
33.759
33.393
33.024
32.674
32.322
32.034
32.640
32.356
32.440
32.196
32.054
31.766
31.537
31.531
31.773
31.561
32.283
32.160
32.059
32.216
31.971
31.683
31.895
31.774
31.598
31.722
31.587
31.536
31.649
32.938
33.389
33.149
33.026
32.741
32.957
32.788
33.000
33.383
33.421
33.582
33.480
33.226
33.608
33.730
33.551
33.336
33.264
33.069
33.405
33.311
33.383
33.194
33.052
33.140
33.204
33.094
32.878
32.779
32.660
32.831
33.014
32.806
33.262
33.390
33.163
33.088
32.926
33.227
33.252
33.171
32.961
32.825
32.619
32.423
32.369
32.329
32.201
32.031
32.168
32.222
32.160
32.220
32.176
32.102
32.000
31.839
32.053
31.900
31.813
31.640
31.613
31.615
31.543
31.443
31.435
31.270
31.425
31.339
31.238
31.275
31.115
30.978
30.832
30.941
30.818
30.729
30.619
30.647
30.497
30.708
30.850
30.737
30.641
31.291
31.137
31.091
31.171
31.185
31.045
30.940
30.780
30.875
30.845
30.455
31.265
31.140
31.220
31.130
31.470
31.625
31.655
31.635
31.745
31.790
31.635
31.865
31.780
31.780
31.565
31.410
31.675
31.715
31.780
31.880
32.005
31.860
31.840
31.915
31.515
31.560
31.360
31.175
31.290
31.285
31.310
30.855
30.890
30.760
30.950
31.265
30.870
30.740
30.790
30.675
30.905
30.960
30.785
30.995
31.040
31.160
31.210
31.195
31.330
31.070
30.580
30.500
30.510
30.325
30.285
30.275
30.250
30.310
29.980
30.160
29.850
30.190
30.070
29.960
30.145
30.200
30.115
30.170
30.155
30.155
29.415
29.070
29.050
29.225
29.175
29.150
29.230
29.335
29.380
29.785
29.850
29.885
29.460
29.575
29.375
29.650
29.575
29.635
29.645
29.840
29.705
29.650
29.170
29.165
29.230
29.635
29.755
29.770
29.600
29.560
29.800
29.635
29.755
29.900
29.820
29.010
28.615
28.780
29.150
29.225
29.020
29.065
28.830
28.715
28.720
28.610
28.620
28.750
28.395
28.260
28.900
28.880
28.905
29.010
28.645
28.550
28.340
28.320
28.395
28.370
28.415
28.550
29.085
29.055
28.990
28.930
29.085
29.120
28.775
28.540
28.580
29.180
29.195
29.070
29.005
28.900
28.955
28.995
29.030
29.205
29.110
28.980
29.050
29.200
29.025
28.940
28.835
28.705
28.600
28.565
28.775
28.830
28.540
28.695
28.675
28.695
28.750
28.800
29.040
28.985
29.115
29.635
29.410
29.400
29.600
29.555
29.640
29.675
29.685
29.515
29.540
29.495
29.760
29.760
29.840
29.685
29.410
29.425
29.445
28.700
28.900
28.815
28.595
28.480
28.260
28.200
28.245
28.260
28.260
28.240
27.610
27.540
27.545
27.565
27.470
27.215
27.105
27.240
27.110
27.470
27.355
27.145
27.160
27.145
27.080
27.360
27.110
26.930
26.485
26.350
26.220
26.390
26.605
26.745
26.795
26.785
26.765
27.050
27.045
26.975
27.115
27.070
27.110
27.115
27.055
26.580
26.600
26.625
26.590
26.825
26.385
26.750
27.145
26.965
26.970
26.850
26.865
27.025
26.960
26.930
26.965
27.095
27.025
26.920
27.075
27.315
27.715
27.670
27.700
27.510
27.535
27.110
27.120
26.940
26.995
27.010
27.150
27.030
27.060
27.850
27.880
27.840
28.035
27.825
27.890
28.020
28.075
28.000
28.190
27.795
27.730
27.720
28.125
28.185
28.215
27.890
28.160
28.300
28.350
28.055
28.060
28.180
28.170
28.270
28.290
27.850
27.710
27.780
27.950
28.160
27.920
27.965
27.980
27.870
28.350
28.465
28.770
28.740
28.570
28.630
28.555
28.980
29.000
28.720
28.605
28.615
28.540
28.655
28.850
28.745
28.425
28.555
28.450
28.455
28.475
28.800
28.875
28.910
29.130
29.350
29.330
29.155
28.825
28.920
28.950
28.745
28.315
28.310
28.365
28.535
28.565
27.860
27.985
27.830
27.855
28.015
27.955
27.925
28.025
27.850
28.100
28.295
28.220
28.140
28.105
28.200
28.505
28.480
28.670
28.965
28.695
28.620
28.710
28.750
28.790
28.765
28.625
28.490
28.255
28.340
28.065
28.075
28.095
28.255
28.390
28.335
28.265
28.460
28.505
28.430
28.540
28.540
28.385
28.215
28.335
28.315
28.405
28.390
28.555
28.790
28.595
28.655
29.635
29.630
29.745
29.775
29.900
29.875
30.255
30.390
30.285
30.495
30.410
30.305
30.190
30.110
29.945
30.015
30.140
29.790
29.865
29.830
30.015
30.175
30.295
29.950
30.010
30.195
30.295
30.290
30.585
30.480
30.500
30.290
30.235
30.475
30.600
30.420
30.390
30.770
30.655
30.690
30.840
30.885
30.730
30.760
30.825
30.920
31.330
31.365
31.495
31.585
31.290
31.335
31.550
31.650
31.585
31.330
31.390
31.360
31.295
31.145
31.170
31.205
31.130
30.905
30.320
30.315
30.425
30.390
30.400
30.590
30.580
30.760
30.535
30.520
30.720
30.685
30.695
29.845
29.755
29.780
29.960
30.105
30.115
29.980
29.930
29.915
29.890
29.975
29.970
29.965
29.565
29.600
29.575
29.605
29.460
29.780
29.795
30.200
30.335
30.225
30.200
30.010
30.085
30.100
30.205
30.280
30.025
29.910
29.935
30.140
30.000
29.950
29.530
29.390
29.130
29.050
28.805
28.880
29.095
28.585
28.870
28.870
29.180
29.115
29.185
29.110
28.865
28.885
28.535
28.680
28.735
28.675
29.175
29.140
29.195
29.315
28.950
28.550
28.455
28.450
28.230
28.370
28.760
28.745
28.940
28.945
29.070
29.000
29.105
29.515
29.585
29.495
29.730
29.655
29.675
29.660
29.560
29.560
29.320
29.255
29.230
29.225
29.305
29.860
29.870
29.910
29.905
29.615
29.620
29.930
29.830
29.890
30.350
30.475
30.690
30.740
30.835
30.735
31.035
30.505
30.715
31.130
30.885
30.855
31.430
31.200
31.355
31.435
31.440
31.595
31.445
31.635
31.705
31.555
31.480
31.670
31.580
31.365
31.800
31.850
30.915
31.050
31.000
31.085
30.970
31.645
31.310
31.250
31.295
31.175
31.195
31.225
31.145
31.155
31.220
31.770
31.860
32.140
32.010
32.100
32.165
32.135
32.030
32.260
32.240
32.170
32.160
32.260
31.975
31.905
31.665
31.930
32.130
31.765
31.830
31.900
32.065
31.710
31.865
31.905
31.900
31.760
31.880
31.800
31.585
31.600
31.410
31.155
30.985
30.560
30.405
30.490
30.235
30.095
30.495
30.450
30.430
30.430
30.505
30.660
30.945
30.920
31.140
31.555
31.580
31.600
32.155
32.125
32.345
32.350
32.385
32.195
32.120
32.245
31.990
32.185
32.425
32.540
32.560
32.765
32.485
33.110
33.210
33.250
33.625
33.595
33.425
33.390
33.395
34.205
34.455
34.360
34.385
34.600
34.470
33.945
33.980
33.660
33.495
33.695
33.895
34.060
34.120
33.940
33.870
33.965
34.355
34.630
34.670
34.490
34.615
34.615
34.490
34.450
34.550
34.545
35.120
34.935
35.260
35.240
34.955
35.195
34.820
34.790
35.155
35.085
35.405
35.390
35.570
35.290
35.500
35.640
35.345
35.050
34.940
34.815
34.835
35.115
35.010
35.225
35.610
35.320
34.995
35.040
35.170
35.205
35.060
35.515
35.375
35.550
35.790
35.805
35.615
36.075
36.065
36.920
37.110
37.345
37.450
37.340
37.445
37.590
37.625
36.890
36.625
36.990
37.035
36.965
36.970
36.665
36.960
36.730
36.280
36.270
36.175
36.260
36.135
36.390
36.560
36.590
36.305
35.775
35.710
35.710
35.150
35.815
35.715
35.795
35.780
35.645
36.010
35.950
35.745
35.775
35.750
35.590
35.880
36.090
35.705
35.705
35.675
35.535
35.550
35.455
35.755
34.990
34.990
35.155
35.050
35.080
35.040
35.075
34.980
35.090
35.150
34.975
34.825
34.770
34.810
34.725
34.440
34.285
34.260
33.980
34.015
33.905
33.755
33.695
33.690
33.775
33.785
33.565
33.510
33.775
33.570
33.700
33.395
33.565
33.420
33.435
33.340
33.525
33.645
33.805
34.185
34.090
33.860
34.020
34.110
34.285
34.660
34.600
34.565
34.625
34.400
34.505
34.415
34.310
34.510
34.375
34.245
34.220
34.005
33.630
34.045
34.005
33.400
33.505
33.515
33.290
33.625
33.905
34.255
34.095
34.200
34.215
34.075
33.995
33.975
33.950
33.965
33.290
33.155
33.140
32.695
32.705
32.760
32.690
32.735
31.905
31.800
31.720
31.740
31.615
31.840
31.875
31.895
31.925
31.965
31.785
32.110
31.960
31.700
31.760
31.940
31.865
31.500
31.125
30.995
30.955
30.840
30.770
30.835
30.945
30.845
30.880
30.355
30.380
29.840
30.605
30.545
30.305
30.380
30.585
30.125
30.230
29.945
30.070
29.905
30.155
30.135
29.925
29.755
29.905
30.050
30.045
30.550
30.410
30.450
30.285
30.330
30.405
30.300
30.560
30.420
30.355
30.720
30.170
30.270
29.770
29.380
29.410
29.225
28.730
28.740
28.080
28.190
27.945
27.975
28.015
28.055
27.830
27.785
27.785
27.755
27.560
27.335
27.360
27.355
27.550
27.330
27.430
27.445
27.355
27.225
27.020
27.020
27.090
26.715
26.715
27.135
27.045
26.990
27.055
27.435
26.810
26.805
26.820
27.030
27.025
26.690
26.820
27.130
27.535
27.590
27.890
27.540
27.385
27.935
27.865
27.880
27.855
27.950
27.875
28.000
28.030
28.100
27.920
27.975
28.480
28.705
29.060
29.100
29.140
29.120
28.650
28.580
28.310
28.505
28.540
28.570
28.560
28.790
28.905
28.850
29.055
29.055
29.070
29.180
29.445
29.910
29.935
29.975
29.730
29.760
29.440
29.545
29.485
29.565
29.880
30.065
30.040
29.810
29.655
29.265
30.010
30.150
30.070
30.165
30.090
29.750
29.830
30.065
29.930
29.765
29.930
30.205
30.380
30.195
30.200
30.255
30.815
30.715
31.005
30.695
30.720
30.625
30.585
30.345
30.710
30.355
30.260
29.965
30.170
29.910
29.700
29.615
29.745
29.800
29.830
29.735
29.610
29.725
29.925
30.145
30.215
30.375
30.700
30.820
31.330
31.300
31.245
31.240
31.135
31.370
31.365
31.585
31.565
32.405
32.495
32.075
32.200
32.365
32.330
32.215
32.045
32.210
32.220
32.500
32.680
32.660
33.125
33.020
33.440
33.430
33.395
33.425
33.645
33.695
33.090
33.205
33.650
33.700
33.480
33.480
33.575
33.610
33.675
33.680
33.695
33.660
34.350
34.300
34.225
34.175
34.300
34.005
34.445
34.435
34.365
34.140
34.090
34.185
33.935
34.040
34.150
33.625
33.665
33.825
33.780
33.710
33.770
33.860
34.050
34.425
34.360
34.250
34.350
34.190
34.145
34.070
34.310
34.550
34.590
34.735
34.530
34.535
34.775
35.025
35.145
35.045
34.895
34.775
34.870
34.830
34.915
34.845
34.670
34.685
34.660
34.270
34.255
34.250
34.790
34.510
34.670
34.550
34.540
34.260
34.235
34.355
34.130
33.765
33.305
33.505
33.510
33.570
33.585
33.180
33.250
33.350
33.540
33.700
33.760
33.650
33.720
33.840
33.825
33.690
33.105
32.930
32.520
32.570
32.395
32.460
32.350
32.505
32.590
32.535
32.655
32.680
32.780
32.830
32.695
32.730
32.520
32.520
32.495
32.730
32.550
32.175
32.160
32.500
32.565
32.760
32.750
32.680
32.900
32.720
32.340
32.165
32.065
32.145
32.275
32.440
31.780
31.645
31.560
31.565
31.595
31.620
31.595
31.360
31.445
31.685
31.605
31.320
31.265
31.180
31.425
31.180
30.875
31.160
30.865
30.815
30.975
31.000
30.950
30.975
30.625
30.815
30.605
30.590
30.365
30.520
30.675
31.565
31.455
31.465
32.155
32.320
32.395
32.455
32.215
32.310
32.285
32.170
31.960
31.960
31.715
31.670
31.775
31.790
31.810
31.510
31.595
31.460
31.315
30.355
30.295
30.510
30.515
30.440
30.570
30.505
30.520
30.450
30.395
30.155
29.945
30.050
29.695
29.775
29.375
29.360
29.445
29.380
29.135
29.100
28.995
28.885
28.450
28.405
28.430
28.450
28.285
28.465
28.660
28.725
28.595
28.445
27.860
27.840
27.800
27.685
27.520
27.320
26.780
26.970
27.005
27.500
27.770
27.860
27.825
27.535
27.955
28.205
28.335
28.135
28.385
28.675
28.575
28.535
28.385
28.155
28.070
27.850
27.800
27.960
28.280
28.350
28.280
28.205
28.320
28.195
28.330
28.560
28.345
28.305
28.025
28.055
28.055
28.220
28.235
28.420
28.495
28.810
28.750
28.765
28.825
29.110
29.550
29.700
29.130
29.065
28.920
28.925
28.820
28.920
29.255
29.160
29.420
29.450
29.505
29.635
29.300
29.205
29.105
28.915
29.045
29.120
28.935
28.600
28.555
28.475
28.380
28.160
28.325
28.335
28.625
28.580
28.655
28.625
28.670
28.680
28.700
28.570
28.685
28.885
28.790
28.960
28.890
28.915
28.955
28.960
29.155
29.190
29.165
28.775
29.020
29.025
29.175
28.805
28.715
28.970
28.950
29.215
29.105
29.200
29.160
29.310
29.370
29.390
29.510
29.360
29.620
29.630
29.975
29.815
30.005
30.020
30.365
30.365
30.550
30.395
30.200
30.340
30.430
30.470
30.630
30.645
30.500
30.735
30.795
30.760
30.840
30.835
30.910
30.860
30.850
31.000
31.115
31.065
31.100
31.010
30.980
30.245
30.210
30.440
29.565
29.460
29.700
29.540
29.670
29.825
29.825
29.740
29.705
29.730
29.445
29.380
29.310
29.330
29.545
29.420
29.640
29.620
30.345
30.420
30.535
30.310
30.170
30.040
29.915
29.940
30.030
29.985
30.225
30.200
30.415
30.495
30.360
30.885
30.830
30.850
30.740
30.775
30.785
30.880
30.905
31.110
31.140
31.080
31.525
31.515
31.420
31.405
31.240
31.190
31.535
31.490
31.475
31.510
31.600
31.650
31.900
32.140
32.135
31.940
31.945
31.275
30.975
30.895
30.870
30.975
30.515
30.710
30.740
30.660
30.585
30.310
30.315
30.840
31.025
31.245
31.505
31.625
31.765
31.655
31.330
31.295
31.160
30.925
30.785
30.950
30.915
30.665
30.880
30.820
30.780
30.985
31.025
30.955
31.000
30.905
31.125
30.820
30.795
31.260
31.245
31.225
30.825
30.950
30.945
30.920
30.890
30.955
30.990
30.955
30.790
30.835
30.545
30.500
30.475
30.250
30.385
30.415
30.385
30.505
30.325
30.135
30.190
30.205
30.390
30.120
30.765
30.830
30.830
30.820
30.620
31.205
31.105
31.105
31.195
31.280
31.665
31.710
31.525
31.240
31.230
31.235
31.300
30.975
31.130
31.060
30.980
31.190
31.115
31.315
31.115
31.120
30.945
31.145
31.235
30.790
31.090
30.855
31.050
30.945
31.020
30.745
30.715
30.625
30.565
30.765
30.385
30.795
30.570
30.540
30.160
30.095
29.660
30.060
29.805
29.725
29.900
29.770
29.495
29.475
29.290
29.445
29.380
28.990
28.975
28.895
28.840
28.820
29.210
29.320
29.440
29.065
29.205
29.180
29.785
29.775
29.655
29.630
29.620
29.530
29.520
29.610
29.495
29.595
29.560
29.100
29.240
29.185
29.475
29.590
29.600
29.635
29.860
30.080
29.875
29.860
29.585
29.525
29.085
28.980
28.965
29.200
29.330
29.475
29.545
29.510
29.415
29.370
29.410
29.405
29.295
29.110
29.175
28.790
28.720
28.720
28.805
28.795
28.955
28.850
28.775
28.670
28.745
28.750
28.595
28.715
28.770
28.630
28.745
28.700
28.720
28.705
28.630
28.715
29.390
29.410
29.230
29.015
28.995
29.045
29.135
29.150
29.205
29.285
29.405
29.560
29.535
29.080
28.990
29.440
29.280
29.260
29.265
28.800
28.570
29.045
29.040
28.965
28.795
28.840
29.245
29.230
29.190
29.130
29.170
28.990
28.900
28.965
28.945
28.895
28.930
28.870
29.040
29.055
29.020
29.160
28.930
29.310
29.465
29.050
29.005
29.540
29.495
29.225
29.145
29.245
29.220
29.170
29.160
29.105
29.420
29.510
29.855
30.110
30.330
30.235
30.175
30.425
30.625
30.580
30.510
30.780
30.960
31.140
31.060
31.130
30.525
30.545
30.565
30.730
30.635
30.065
30.110
30.125
30.180
29.920
29.665
29.605
29.775
29.745
29.760
30.490
30.420
30.510
30.490
30.505
30.440
30.200
30.170
30.180
30.120
30.140
30.135
29.830
29.825
30.360
30.165
30.190
29.850
30.185
30.175
30.215
30.115
30.095
30.195
30.220
30.205
29.890
29.995
30.420
30.475
30.495
30.505
30.170
30.240
30.270
30.095
30.070
30.500
30.515
30.260
30.460
30.435
30.365
30.380
30.470
30.385
30.530
30.220
30.125
30.125
30.150
29.920
30.215
29.655
29.885
29.915
29.760
30.185
29.985
29.950
29.805
29.585
29.735
29.705
29.695
29.635
29.770
29.940
29.660
29.680
29.670
29.670
29.685
29.675
29.710
29.675
29.690
29.445
29.500
29.635
29.330
29.240
29.295
29.970
30.115
30.135
30.455
30.285
30.305
30.260
30.665
30.645
30.490
30.500
30.630
30.545
30.685
30.600
31.095
31.155
31.090
31.040
31.340
31.325
31.330
31.350
31.695
31.580
31.580
31.085
31.080
31.100
31.055
30.610
30.645
30.825
31.075
31.055
31.330
31.210
31.210
31.235
31.480
31.440
31.180
31.125
31.350
31.290
31.165
31.335
31.520
31.885
31.810
31.790
31.405
31.290
31.255
31.395
31.435
31.230
31.165
31.220
31.275
31.275
31.295
31.595
31.770
31.530
31.420
31.565
31.420
31.445
31.555
31.430
31.345
31.325
30.975
30.770
30.590
30.810
30.130
30.310
30.320
30.700
30.765
30.840
31.045
31.275
31.180
30.925
30.755
30.445
30.345
30.215
30.610
30.610
30.350
30.330
30.325
30.455
30.630
30.385
30.275
30.195
30.350
30.295
30.185
29.985
29.765
30.005
30.160
30.600
30.540
30.585
30.565
30.415
30.500
30.310
30.285
30.205
29.240
29.515
29.945
29.825
29.950
29.945
30.390
30.525
30.440
30.305
30.180
30.165
30.105
30.360
30.550
30.505
31.005
31.050
30.990
31.025
31.090
31.195
31.515
31.300
31.550
31.595
31.500
31.275
30.865
30.905
30.835
30.855
30.900
31.450
31.485
31.490
31.615
31.315
31.300
31.595
31.415
31.525
31.695
31.605
31.515
31.590
31.535
31.415
31.590
32.175
32.200
32.430
32.430
32.645
32.700
32.785
32.805
32.730
32.940
32.960
33.145
33.285
33.335
33.520
33.560
33.645
33.615
33.190
33.200
33.285
33.485
33.425
33.155
33.275
33.210
33.280
33.345
33.350
33.295
33.045
33.275
33.635
33.575
32.910
32.920
32.880
32.645
32.675
32.690
32.690
32.220
32.240
32.245
32.455
32.525
32.580
32.370
32.340
31.950
31.985
32.105
32.055
31.795
31.470
31.330
31.220
30.900
30.780
30.845
30.900
30.865
30.830
30.875
30.845
30.760
30.535
30.465
30.690
30.435
30.425
30.395
30.970
31.400
31.455
31.805
32.285
32.060
32.145
31.825
31.710
31.935
31.725
31.940
31.940
31.730
31.585
31.645
31.560
31.460
31.250
31.290
31.295
31.455
31.730
31.810
31.530
31.345
31.415
31.705
31.940
32.025
31.825
31.640
31.765
31.650
31.635
31.985
32.630
32.665
32.685
32.955
32.990
32.975
32.670
32.505
32.475
32.250
32.630
32.725
32.655
32.715
32.680
33.515
33.490
33.320
33.570
34.130
34.005
34.020
34.265
34.205
34.435
34.500
34.475
34.305
34.340
34.765
34.945
35.190
34.910
34.715
34.485
34.460
34.390
34.410
34.505
34.595
34.630
34.595
34.620
34.660
34.430
34.040
34.020
33.910
33.830
33.380
33.290
33.265
33.305
33.295
33.345
33.675
33.500
32.765
32.790
32.220
32.145
31.885
31.790
31.680
31.690
31.455
31.530
31.075
31.160
31.130
31.385
31.435
31.345
31.430
31.395
31.275
30.790
31.240
31.245
31.195
31.090
31.105
30.900
30.740
30.780
30.680
30.995
30.995
30.915
30.855
31.265
31.465
30.885
30.985
30.735
30.510
30.260
30.000
29.870
29.855
29.575
29.425
29.535
29.490
29.500
29.610
29.505
29.540
29.465
29.450
29.470
29.520
29.475
29.320
29.130
29.500
29.520
29.530
29.465
29.440
29.525
29.880
29.845
29.725
29.650
29.540
29.475
29.345
29.510
29.500
29.460
29.650
30.240
30.260
30.400
30.330
30.530
30.415
30.340
30.410
30.525
30.440
30.390
30.250
30.255
30.270
30.665
30.795
30.910
30.810
30.725
30.720
31.105
31.145
31.140
31.210
31.140
31.430
31.685
31.535
31.415
31.340
31.375
31.370
30.790
29.990
29.855
29.485
29.140
29.140
29.180
29.310
29.385
28.990
28.845
28.700
29.670
29.420
29.430
29.375
29.355
29.570
29.575
29.525
29.465
29.355
28.990
28.925
28.960
28.970
28.905
28.845
28.440
28.655
28.650
28.690
28.645
28.860
28.855
28.470
28.270
28.295
28.115
27.685
27.480
27.500
27.605
27.635
27.650
27.655
27.130
27.035
26.900
27.120
27.730
27.105
27.395
27.150
26.795
26.165
26.180
26.410
26.090
25.740
25.500
25.435
25.610
25.660
25.685
25.285
25.190
25.425
25.420
25.410
25.255
25.290
25.575
25.755
25.920
25.795
25.765
26.245
26.230
26.540
26.665
27.035
27.040
27.315
27.555
27.730
27.695
28.320
28.375
29.090
29.190
28.890
28.935
28.985
29.030
29.145
29.115
29.115
29.145
29.255
29.165
29.205
29.140
29.180
29.100
29.145
28.975
28.930
28.975
29.080
29.075
29.040
28.910
28.645
28.770
28.865
28.835
28.915
28.840
28.870
28.735
28.870
28.540
28.885
29.235
29.290
29.025
28.700
28.580
28.425
28.525
28.605
29.285
29.590
29.670
29.650
29.645
29.630
29.575
29.495
29.385
29.380
29.360
29.355
29.245
29.170
29.155
29.140
29.490
29.505
29.580
29.170
29.015
29.095
29.625
29.625
29.795
29.495
29.490
29.420
29.250
29.470
29.615
29.760
29.895
29.985
30.285
30.315
29.675
29.740
29.590
29.680
29.660
29.670
29.825
29.785
29.730
30.085
30.265
30.485
30.635
30.620
30.240
30.400
30.765
30.860
31.120
31.220
30.870
30.965
31.005
31.330
31.090
30.810
30.710
31.375
31.550
31.605
31.635
31.750
31.820
31.910
32.140
32.205
32.190
32.305
32.195
32.150
32.020
32.140
32.095
32.040
31.065
31.475
31.520
31.565
31.520
31.350
31.545
31.520
31.550
31.685
31.735
31.700
31.630
31.730
31.860
31.625
31.690
31.505
31.700
31.635
31.530
31.340
31.375
31.565
31.490
31.680
31.800
31.820
32.170
32.500
32.735
33.055
33.040
33.075
33.010
33.110
33.190
33.045
32.420
32.475
32.180
32.330
32.405
32.470
32.640
32.625
32.770
32.750
32.845
33.115
32.945
32.980
33.110
33.190
33.695
33.295
33.380
33.455
33.645
33.795
33.515
33.360
33.115
33.075
33.080
32.720
33.135
32.850
32.745
32.480
32.730
32.475
32.250
32.730
32.935
32.300
32.270
32.090
31.955
32.035
31.845
32.245
32.310
32.370
32.390
32.635
32.780
32.805
32.985
32.960
32.945
33.005
32.955
33.075
33.150
33.360
33.250
33.360
33.330
33.550
33.930
33.770
33.870
33.740
33.905
34.020
34.345
34.470
34.660
34.870
35.010
34.725
34.390
34.325
34.130
34.325
34.355
34.365
34.550
34.735
34.005
33.700
33.705
34.295
34.400
34.505
34.450
34.885
34.900
34.420
34.300
34.370
34.390
34.455
34.340
34.355
33.935
34.200
34.105
34.100
34.170
34.165
33.785
33.690
33.420
34.040
34.350
34.705
34.805
34.760
34.850
34.710
35.395
35.550
35.210
34.950
35.215
35.140
35.240
35.475
35.210
35.545
35.385
35.375
35.395
35.020
34.925
34.685
34.545
34.615
34.620
34.825
34.400
34.480
34.215
34.180
34.300
34.200
34.145
33.750
33.985
34.185
34.420
33.765
33.495
33.415
33.700
33.590
33.445
33.550
33.475
33.790
33.680
34.220
34.550
34.510
34.485
34.345
34.370
34.365
34.420
34.265
34.320
34.255
34.505
34.610
34.680
34.710
34.725
34.630
34.610
34.635
34.675
34.585
34.480
34.560
34.505
34.465
34.585
34.570
34.580
34.700
34.685
34.545
34.555
34.320
34.370
34.565
34.225
34.025
33.620
33.220
33.390
33.380
33.285
33.225
33.200
33.205
33.215
32.825
32.735
32.555
32.475
32.515
32.340
32.145
32.330
32.600
32.505
