0.000
0.000
0.000
0.000
0.000
0.000
0.429
0.750
0.667
0.700
0.818
0.750
0.692
0.714
0.667
0.625
0.588
0.611
0.684
0.750
0.714
0.727
0.696
0.667
0.720
0.731
0.704
0.786
0.828
0.833
0.806
0.781
0.818
0.794
0.800
0.889
0.865
0.868
0.846
0.825
0.854
0.833
0.814
0.795
0.778
0.848
0.851
0.854
0.857
0.880
0.902
0.885
0.887
0.889
0.873
0.857
0.842
0.828
0.814
0.800
0.820
0.806
0.810
0.828
0.815
0.818
0.836
0.824
0.826
0.843
0.845
0.833
0.849
0.878
0.880
0.868
0.857
0.846
0.886
0.875
0.864
0.866
0.867
0.869
0.859
0.849
0.851
0.864
0.888
0.889
0.890
0.902
0.892
0.883
0.874
0.885
0.876
0.867
0.879
0.870
0.871
0.863
0.854
0.846
0.838
0.830
0.822
0.833
0.835
0.827
0.820
0.821
0.850
0.860
0.861
0.862
0.855
0.864
0.891
0.933
0.934
0.984
1.008
1.040
1.032
1.024
1.031
1.023
1.070
1.169
1.176
1.167
1.173
1.164
1.252
1.243
1.234
1.239
1.259
1.314
1.312
1.401
1.413
1.424
1.552
1.562
1.558
1.622
1.624
1.700
1.702
1.691
1.725
1.727
1.723
1.744
1.809
1.842
1.849
1.881
1.876
1.895
1.896
2.000
2.030
2.066
2.150
2.173
2.296
2.365
2.421
2.529
2.543
2.575
2.594
2.648
2.831
2.938
3.140
3.211
3.492
3.670
4.268
5.326
5.422
5.914
6.503
6.702
7.286
8.063
8.131
9.125
10.109
10.067
10.954
11.235
11.178
11.121
11.065
11.550
11.855
12.410
12.590
13.020
14.015
14.365
15.310
15.395
16.390
17.380
17.390
18.385
18.840
19.660
19.865
20.860
21.110
21.705
21.810
22.345
23.340
23.340
23.770
24.765
25.300
26.290
26.995
27.685
27.845
27.840
28.795
29.790
30.465
31.460
31.960
32.935
33.035
34.025
34.570
34.920
34.920
35.915
36.425
36.575
37.570
37.795
38.785
39.055
39.810
40.605
41.590
42.355
43.345
44.335
44.665
44.785
45.150
46.070
46.120
46.180
47.165
47.595
48.520
48.805
49.005
49.400
49.495
49.540
50.465
51.040
51.035
51.035
51.025
51.010
51.025
51.025
51.025
51.025
51.405
52.135
52.975
53.245
53.545
53.760
54.120
54.950
55.940
56.925
57.520
58.510
58.565
58.825
58.895
59.225
60.220
61.205
61.385
62.380
62.560
63.555
63.820
64.290
64.630
64.775
64.835
65.060
66.025
66.085
66.825
67.335
68.015
68.160
69.135
70.120
70.260
71.160
71.700
71.910
72.120
72.565
72.635
72.690
73.085
73.190
73.940
74.935
75.465
76.045
76.105
77.030
77.170
77.335
77.985
78.250
78.885
79.240
79.345
79.885
79.875
79.845
80.780
80.745
80.730
80.715
80.615
80.630
80.675
80.620
81.320
81.630
82.290
83.285
83.510
83.680
84.405
85.375
85.510
85.570
86.550
86.855
87.460
87.435
87.430
88.330
89.290
89.250
89.325
90.290
90.385
91.310
92.155
93.045
93.415
94.370
94.445
94.695
95.515
96.110
96.485
97.365
98.090
98.065
98.495
97.535
97.610
97.895
98.160
98.935
98.585
98.750
99.130
98.305
97.630
97.645
96.870
96.940
97.225
97.870
98.280
98.090
98.780
98.970
99.035
99.370
98.385
98.495
97.570
97.685
96.940
96.940
97.235
96.675
96.380
95.665
95.770
95.615
95.910
95.325
95.790
95.575
95.575
96.235
95.805
95.280
95.730
94.935
94.760
94.315
94.775
95.200
94.360
94.360
94.670
94.250
93.785
93.160
93.305
93.305
92.760
93.315
93.505
93.145
93.020
93.865
93.000
93.750
92.855
93.045
93.280
92.900
92.095
92.325
92.325
91.915
91.805
91.925
92.555
92.630
93.575
94.390
94.390
94.475
93.830
94.360
94.500
94.615
95.415
95.640
95.655
95.870
96.750
96.990
97.155
98.150
98.690
99.340
100.335
100.845
101.260
101.085
101.240
101.800
102.065
102.840
102.850
102.590
102.085
101.090
100.480
99.645
99.735
99.730
99.800
99.630
98.675
97.680
97.500
97.500
98.305
98.305
98.675
99.200
99.385
99.415
99.670
99.800
99.155
99.420
99.670
99.425
99.515
100.360
99.440
99.415
99.300
98.430
98.655
98.720
99.240
99.760
99.805
99.970
100.520
101.385
101.220
101.220
101.305
101.720
101.700
100.735
101.165
101.000
101.335
101.360
101.380
101.275
102.165
101.700
102.040
102.505
102.510
102.680
103.515
103.530
104.515
104.710
104.755
104.755
104.065
103.795
103.305
103.305
103.225
103.630
103.060
102.785
103.230
103.300
103.225
102.960
103.345
103.355
104.090
103.985
103.985
104.180
104.080
103.755
103.945
103.085
102.365
101.710
101.540
100.545
101.435
101.210
100.495
100.215
100.455
99.495
99.495
100.335
99.495
99.500
99.535
98.895
99.045
98.125
98.100
97.585
97.780
98.600
98.455
98.795
98.690
98.385
98.575
98.170
97.910
97.660
96.800
97.050
97.080
96.315
97.050
97.585
97.675
97.965
98.710
97.960
98.050
97.665
98.500
99.005
99.410
98.570
98.105
98.665
98.420
98.095
97.325
96.815
97.810
97.895
97.115
97.910
98.375
98.280
98.235
98.425
99.005
98.260
97.290
97.710
98.215
98.060
98.605
98.605
98.665
98.525
99.295
98.915
99.260
98.920
99.110
99.110
99.010
98.595
97.660
98.230
98.160
97.740
97.190
97.600
98.375
98.485
97.765
97.050
96.710
95.835
95.665
96.145
96.235
95.410
95.690
95.325
95.415
96.140
96.190
95.570
95.220
95.975
96.120
96.090
95.690
95.040
94.330
94.015
93.590
93.375
92.380
91.545
90.975
89.980
90.000
90.370
90.020
90.170
90.225
90.260
90.215
90.945
91.215
91.225
91.885
91.890
92.885
92.090
91.110
90.265
90.620
89.890
90.225
90.135
90.155
89.930
90.605
90.710
90.335
91.065
91.290
90.650
91.235
90.600
91.565
92.235
91.875
91.590
90.840
90.840
91.450
91.355
90.480
90.190
90.600
89.990
89.370
89.315
90.235
90.635
90.365
91.055
91.055
91.760
91.040
91.060
90.135
90.415
90.090
89.975
89.915
90.655
89.975
90.955
90.335
90.570
90.840
91.835
92.140
93.030
93.845
93.560
93.400
93.780
93.695
93.445
93.200
93.045
92.720
93.640
93.640
93.680
93.655
92.950
92.600
92.570
92.805
92.395
92.025
91.890
91.705
91.365
91.140
91.185
90.245
91.155
90.930
91.500
90.920
91.495
91.495
90.655
91.145
92.100
92.155
93.020
92.225
92.190
92.075
92.645
92.960
92.730
92.715
92.375
92.475
93.215
93.735
94.125
94.265
94.585
95.445
94.565
94.980
95.480
95.730
95.390
95.335
95.530
94.595
94.915
95.505
95.570
94.745
94.980
94.405
95.115
96.030
95.775
96.145
97.135
97.245
98.085
98.085
98.220
98.120
97.365
97.085
97.915
98.325
98.705
99.005
99.750
100.135
99.465
99.560
100.340
99.550
98.855
98.905
98.500
98.390
99.130
98.420
98.760
99.435
98.520
98.740
99.295
99.550
98.580
98.805
98.300
98.095
97.265
97.265
97.910
98.605
98.535
98.065
98.630
98.540
98.345
98.125
98.550
98.620
99.090
98.180
97.285
96.930
97.105
97.570
97.570
97.520
96.940
97.160
98.155
98.315
99.115
99.575
100.230
101.225
101.520
101.520
101.965
101.655
101.045
101.900
101.915
102.005
102.805
103.695
102.770
102.385
102.580
102.285
103.275
102.930
102.975
103.955
104.140
103.770
104.070
104.205
104.250
104.545
105.410
105.215
105.205
104.625
103.915
102.935
103.455
103.090
103.750
102.940
102.610
102.605
102.960
103.090
102.455
101.985
102.820
102.920
102.430
101.565
101.435
101.460
101.515
100.750
101.315
102.000
101.335
101.335
101.200
101.440
101.990
102.915
103.545
103.655
103.290
102.405
102.325
102.180
101.870
101.620
101.500
101.135
101.135
101.420
101.420
101.420
101.705
102.130
102.160
103.035
102.915
102.715
102.720
102.980
102.035
101.040
100.990
100.535
101.030
100.850
101.680
101.490
102.225
102.540
102.680
102.710
102.960
103.380
103.625
104.245
104.110
104.700
103.790
104.555
104.035
104.035
104.875
105.225
105.225
105.940
105.940
106.735
107.565
107.980
107.980
107.315
106.770
107.360
108.215
108.935
108.170
107.400
107.765
107.685
107.905
