13.000
11.500
7.667
13.500
16.600
22.833
24.429
23.125
21.556
19.900
20.545
19.500
20.000
22.286
21.133
21.312
20.235
20.056
19.158
18.250
18.429
18.273
17.478
17.125
16.680
16.923
17.259
16.821
17.241
17.600
17.226
16.938
16.879
17.500
17.057
16.639
16.432
16.474
16.077
17.375
17.317
17.786
17.512
17.159
16.822
16.478
16.532
16.729
17.367
17.220
18.275
18.192
18.472
18.167
17.945
17.821
17.509
17.397
17.220
17.100
16.951
16.823
16.730
16.484
16.600
16.833
16.836
16.603
16.478
16.371
16.155
15.972
16.014
15.838
15.653
15.605
15.494
15.359
15.253
15.137
14.951
14.866
14.687
14.571
14.600
14.535
14.402
14.307
14.270
14.178
14.132
14.000
14.118
14.266
14.116
14.354
14.216
14.082
13.949
13.960
13.861
14.353
14.311
14.202
14.457
14.651
14.579
14.509
14.523
14.418
14.477
14.438
14.319
14.298
14.235
14.198
14.179
14.331
14.361
14.508
14.603
14.574
14.512
14.411
14.424
14.349
14.677
14.844
14.876
14.823
14.809
15.053
15.376
16.104
16.059
15.971
16.066
15.971
16.072
16.271
16.163
16.056
16.378
16.521
16.448
16.651
16.605
16.547
16.443
16.347
16.351
16.862
16.817
16.753
16.897
16.795
16.688
16.975
17.327
17.375
17.373
17.272
17.178
17.409
17.558
18.090
18.216
18.179
18.148
18.100
18.123
18.314
18.514
18.822
18.766
18.830
18.740
18.669
18.615
18.567
18.685
18.841
18.923
19.179
19.119
19.027
19.000
18.968
18.926
19.132
19.188
19.255
19.244
19.201
19.174
19.082
19.137
19.162
19.090
19.210
19.260
19.230
19.240
19.280
19.325
19.125
19.010
18.995
19.100
19.530
19.420
19.405
19.385
19.225
19.305
19.235
19.315
19.240
19.500
19.530
19.620
19.840
19.970
19.965
19.985
19.980
19.860
19.850
19.750
19.725
20.060
20.150
20.460
20.320
20.340
20.415
20.410
20.325
20.325
19.995
20.185
20.075
20.130
20.260
20.250
20.270
20.825
20.705
20.760
20.830
20.690
20.665
20.655
20.675
20.735
21.170
21.175
21.485
21.805
21.955
21.915
22.205
22.175
22.175
22.060
21.965
21.950
21.965
21.980
21.935
22.020
22.550
23.450
23.625
23.835
23.790
23.950
24.340
24.365
24.515
24.540
24.520
24.585
24.745
24.680
24.735
24.745
24.725
24.840
24.865
25.225
25.245
25.245
25.110
25.130
25.325
25.670
26.100
26.660
26.625
26.645
26.480
26.665
26.755
26.645
26.470
26.440
26.515
26.460
26.445
26.345
26.725
26.750
26.710
26.680
26.840
26.795
26.825
26.740
26.710
26.755
26.780
27.575
27.910
27.890
27.955
27.745
27.595
27.505
27.540
27.485
27.615
27.380
26.915
26.985
27.015
26.910
27.125
27.275
27.340
27.410
27.570
27.270
27.695
27.940
27.725
27.800
27.800
28.050
28.190
28.180
27.750
27.765
27.740
27.815
27.830
27.885
27.580
27.280
27.225
27.790
28.240
28.240
28.000
27.845
27.355
27.270
27.390
27.545
27.500
27.525
27.420
27.180
26.970
27.235
27.710
28.300
28.325
28.360
28.740
28.565
28.395
28.525
28.355
28.395
28.480
28.920
28.915
28.955
28.790
28.870
29.170
29.235
29.660
29.605
30.230
30.425
30.465
30.550
30.800
30.815
31.790
31.825
32.305
32.320
32.315
32.300
32.305
32.155
31.860
32.060
32.270
32.165
32.290
32.580
32.595
32.670
33.005
32.840
32.945
32.760
33.460
33.350
33.380
33.840
33.835
34.820
34.915
35.180
35.340
35.120
35.165
34.940
35.120
35.210
35.330
35.905
36.245
36.355
36.605
36.340
36.290
36.210
36.515
37.510
37.630
37.175
37.490
38.190
38.285
38.115
38.110
38.255
39.220
39.695
39.215
39.310
39.010
38.830
38.850
39.560
39.335
39.405
39.410
39.740
39.685
39.825
39.855
39.835
39.915
39.865
39.325
39.105
39.345
39.220
40.200
40.010
40.135
40.510
40.475
40.465
40.445
40.500
40.350
40.425
40.440
40.420
40.590
40.670
40.710
40.415
40.495
40.380
40.675
40.710
40.390
40.080
39.705
39.205
39.195
39.180
39.260
39.120
39.900
39.825
39.825
39.890
39.900
39.960
40.020
40.035
39.760
39.920
40.100
40.225
40.095
40.720
40.560
40.900
40.930
40.810
40.820
40.090
39.965
40.125
40.580
40.740
40.785
40.995
40.950
41.140
40.810
41.055
41.285
41.260
42.205
42.175
42.190
41.950
41.700
41.870
41.715
41.725
41.760
41.660
41.695
41.620
41.625
41.410
41.395
41.640
42.550
42.735
42.765
42.570
42.690
42.700
42.855
42.955
42.890
42.580
42.155
42.155
42.220
42.300
42.475
42.425
42.485
42.265
43.255
43.365
43.735
44.190
44.060
44.015
43.420
42.995
43.035
42.970
42.700
42.765
42.810
43.105
43.145
43.190
43.185
42.835
42.930
42.860
42.785
43.035
42.935
42.805
42.745
42.730
42.260
41.955
41.795
42.310
42.110
42.035
41.430
41.495
41.120
41.405
41.555
41.595
41.600
41.630
41.885
41.810
41.900
42.790
42.715
42.850
42.925
42.790
42.445
42.625
42.530
42.545
41.690
41.840
42.685
42.445
42.565
41.890
41.895
42.080
42.715
42.585
42.525
42.470
42.260
42.180
42.225
41.755
41.465
41.355
41.170
41.385
41.860
42.320
42.215
41.525
41.560
41.375
41.320
41.095
41.875
42.050
42.225
41.990
41.180
41.075
41.435
41.435
41.370
41.315
41.250
40.540
40.545
41.135
41.140
40.810
40.990
40.855
40.860
40.975
41.415
41.500
41.590
41.070
41.105
41.215
41.215
41.485
41.765
42.170
42.125
43.105
43.120
43.200
43.455
43.695
43.645
43.830
43.890
43.725
43.805
43.880
43.915
44.455
44.595
44.765
45.230
45.290
45.330
45.405
45.480
45.495
45.275
45.255
45.155
45.250
45.265
45.585
45.490
45.465
45.465
45.565
45.535
45.500
45.445
45.695
45.695
45.475
45.680
45.345
45.485
45.715
45.825
45.735
45.825
45.950
45.890
45.760
45.695
45.880
46.005
46.250
46.620
46.400
46.075
46.090
45.745
46.730
46.495
46.445
46.545
46.410
47.060
47.750
47.425
47.290
47.475
47.425
47.415
47.565
47.690
47.380
46.530
47.230
47.235
47.430
47.365
47.415
47.295
47.590
47.590
47.385
47.910
47.910
47.980
48.420
48.245
48.425
48.405
48.785
47.845
48.085
47.680
47.230
47.320
47.270
47.345
47.240
47.485
47.490
47.735
47.970
48.000
47.430
47.580
47.490
47.725
47.725
47.590
48.135
48.115
47.665
47.650
47.720
47.375
47.385
47.420
47.395
47.445
46.865
46.665
46.780
46.625
47.045
47.340
46.860
46.825
46.955
47.545
47.630
47.255
47.540
47.380
47.155
47.360
46.845
47.030
47.235
47.350
47.075
47.420
47.395
47.275
47.470
46.610
46.580
46.955
46.735
46.650
46.890
46.075
46.755
47.590
48.070
48.235
48.395
48.290
48.335
48.570
49.560
49.625
50.280
50.590
50.310
50.265
50.000
49.930
50.440
50.245
50.090
49.475
49.855
49.800
50.035
49.965
49.545
49.175
49.430
49.595
49.640
49.500
49.540
49.620
48.980
48.970
49.535
49.770
49.705
49.890
49.910
49.930
49.930
50.345
50.670
50.425
50.240
49.250
49.050
48.535
47.960
47.895
46.910
47.145
46.950
46.760
47.420
48.350
48.180
48.085
48.020
48.050
47.885
48.000
47.495
47.230
47.065
46.590
46.615
47.270
47.140
47.115
47.390
47.565
47.600
46.975
46.935
47.130
46.830
46.940
47.320
47.735
48.610
48.565
48.460
48.485
48.860
49.490
49.205
49.015
49.410
49.310
49.750
49.695
49.725
49.580
49.915
49.625
49.655
50.215
50.810
50.675
50.240
50.055
50.960
51.005
51.255
50.705
49.735
49.815
50.035
49.915
49.835
49.280
48.980
48.780
48.940
48.910
49.100
49.100
49.540
49.295
49.615
49.605
48.760
48.975
49.180
49.245
49.390
49.350
48.915
49.055
49.500
49.235
49.315
49.150
48.750
48.750
48.555
48.435
48.075
48.145
47.745
47.710
47.685
47.690
47.705
48.280
48.275
47.945
48.220
48.010
48.045
47.935
47.930
47.640
47.610
47.375
47.445
47.480
47.325
47.620
47.720
47.405
47.380
47.460
47.525
47.335
47.395
47.385
47.600
48.105
47.940
47.865
47.895
47.510
47.575
47.645
47.485
47.540
47.510
47.480
47.660
47.705
47.255
47.090
47.310
47.295
47.060
46.985
47.025
47.255
47.365
47.490
47.130
47.280
47.145
46.840
46.935
47.060
46.370
46.915
46.515
45.650
45.145
45.635
45.835
46.150
46.045
45.895
45.400
45.330
45.215
44.665
44.765
44.520
44.515
44.770
44.320
44.525
43.995
44.375
43.925
43.835
43.735
43.810
44.235
44.390
44.355
44.475
44.730
45.300
45.495
45.545
45.510
46.500
46.005
45.705
46.355
46.545
46.540
46.015
46.235
45.850
45.585
46.360
46.735
46.840
46.870
47.085
47.050
47.035
47.520
47.495
47.860
47.820
46.955
46.200
46.260
46.160
46.240
46.060
46.180
46.595
47.170
47.200
47.280
47.310
47.235
46.565
46.580
46.715
46.410
46.370
46.835
46.715
46.850
46.795
46.920
46.885
46.535
46.240
45.275
45.345
45.710
45.675
44.960
44.730
44.920
45.085
44.970
44.935
44.395
44.330
44.395
44.315
43.695
43.620
43.545
43.185
42.350
42.680
42.690
42.635
42.000
41.965
41.880
41.925
42.715
42.705
43.260
43.595
43.705
43.820
43.780
43.875
43.935
43.815
43.655
43.685
43.225
44.205
44.040
44.495
44.760
44.545
44.310
44.455
44.205
44.220
44.255
44.415
44.100
43.855
44.015
44.030
44.075
44.045
44.130
44.560
44.635
44.750
45.525
46.390
46.505
46.565
47.330
46.805
46.795
46.900
46.935
46.745
47.005
47.095
47.130
47.265
47.480
47.655
47.685
48.255
48.145
47.970
47.845
47.895
47.990
47.905
47.845
48.030
47.995
47.980
48.130
47.985
48.015
47.860
47.385
47.350
47.680
47.435
47.500
47.115
47.055
47.140
46.900
46.975
46.780
46.645
46.785
46.500
46.770
46.935
47.220
46.620
46.560
46.545
46.550
46.350
46.500
46.540
46.435
46.285
46.285
45.810
46.450
46.395
46.810
46.250
45.910
45.525
45.460
45.550
45.105
45.045
44.935
44.740
44.460
44.430
45.160
44.820
44.895
45.220
45.310
44.815
44.730
44.720
44.815
44.655
44.315
44.225
44.050
43.835
43.415
42.955
43.065
42.830
42.880
41.900
41.840
41.795
41.200
40.845
41.050
41.095
40.755
40.700
40.650
39.750
39.360
39.280
39.195
38.740
38.575
38.645
38.185
38.245
37.875
38.225
38.420
38.270
38.320
38.275
38.365
38.410
38.485
38.180
37.725
37.520
37.435
37.510
37.630
37.635
37.620
37.630
37.940
37.790
37.455
37.850
37.670
37.895
37.750
37.725
37.705
37.660
37.895
37.775
37.710
37.640
37.615
37.155
36.840
36.690
36.590
36.630
36.450
36.585
36.685
36.800
36.750
36.660
36.605
36.495
36.540
36.290
36.325
36.895
36.545
36.940
36.670
37.190
36.395
36.320
36.215
35.910
35.905
35.875
35.530
35.365
35.135
35.055
35.035
34.995
35.130
34.165
34.375
33.835
33.525
33.490
33.385
33.130
33.195
33.355
33.375
33.085
32.880
33.160
33.080
33.375
33.425
33.485
33.660
33.470
33.565
33.940
33.420
32.770
32.775
32.750
31.855
31.850
31.880
31.805
31.585
32.005
31.450
31.390
31.810
31.655
31.585
31.325
31.075
30.565
30.430
30.350
30.505
30.495
30.340
30.435
30.430
30.250
30.425
30.445
30.105
30.020
30.010
30.400
30.455
30.375
30.215
30.270
30.600
30.325
30.355
31.115
30.825
30.620
30.770
31.065
31.195
31.420
31.600
31.415
31.095
31.345
31.320
31.235
31.655
31.705
31.455
31.635
31.715
32.250
32.330
32.465
31.740
32.060
31.580
31.615
31.580
31.545
31.600
31.645
32.425
32.475
32.410
32.655
32.790
33.260
32.585
32.590
32.850
32.970
33.040
33.090
33.290
33.455
33.795
33.840
34.420
34.560
34.435
34.400
34.515
34.405
34.710
35.115
35.400
35.490
35.615
35.555
36.040
36.440
36.375
36.350
36.975
37.775
37.540
37.825
38.260
38.320
38.360
39.040
38.980
39.470
39.785
39.615
39.665
39.340
39.080
39.000
38.975
39.175
39.335
39.345
39.445
40.070
40.130
40.150
40.645
40.660
40.580
40.720
41.045
41.015
40.795
40.910
40.755
41.025
41.455
41.460
41.680
41.990
42.065
42.055
42.520
43.395
43.290
43.495
43.560
43.635
43.785
43.745
43.780
44.025
44.345
44.590
44.455
44.495
44.580
44.605
44.750
44.880
44.740
44.655
44.725
44.065
44.115
44.510
44.755
44.335
44.550
44.625
44.185
44.500
44.380
44.265
44.640
45.585
45.680
46.670
46.705
47.210
47.035
47.705
47.510
47.590
47.590
47.915
47.805
47.905
47.835
47.695
47.635
47.645
47.605
47.405
47.370
47.350
47.160
47.340
47.260
46.925
46.965
46.800
46.510
46.335
46.210
46.270
46.400
46.795
47.005
47.425
47.360
47.535
47.485
47.425
47.330
47.585
47.490
47.495
47.960
47.865
47.830
47.935
47.935
47.995
48.005
47.955
48.260
48.545
48.560
48.635
48.705
48.465
49.220
49.075
48.940
48.865
48.620
49.065
48.795
48.935
49.260
48.505
48.430
48.695
48.560
48.495
48.030
48.005
47.955
48.540
48.625
48.810
48.970
48.965
48.690
49.295
49.390
48.890
48.945
48.595
48.600
48.385
48.250
47.925
47.980
48.525
48.535
48.540
48.495
48.405
47.850
47.875
47.850
47.660
47.585
47.110
47.080
47.460
47.360
46.870
46.660
46.675
46.455
46.230
45.650
45.575
44.875
44.770
44.755
44.800
44.755
45.170
44.630
44.240
44.150
44.160
44.045
44.415
44.270
44.525
44.530
44.565
44.195
43.450
43.515
43.425
43.145
43.115
43.060
42.590
42.740
42.325
42.045
42.090
42.240
42.300
42.920
43.740
43.690
43.585
43.995
44.140
44.695
43.730
43.545
43.660
43.815
44.500
45.170
45.160
45.130
45.145
45.075
44.985
44.990
44.590
44.235
44.015
43.835
43.830
43.770
44.025
43.510
42.860
42.670
43.160
43.120
43.280
43.120
43.100
42.930
42.625
42.600
42.160
42.220
42.125
42.260
42.370
42.345
42.345
43.155
43.660
43.585
43.595
43.700
43.180
43.025
42.925
42.695
42.940
42.865
42.535
42.585
43.105
42.820
41.845
41.825
40.895
41.050
40.650
40.585
39.910
39.730
39.840
39.885
39.935
39.910
39.810
39.965
40.430
40.695
40.695
40.695
40.610
40.705
40.585
40.600
40.755
40.935
41.065
40.935
40.590
40.735
41.035
41.450
41.525
41.300
41.135
40.865
40.825
40.830
40.570
40.605
40.635
40.470
40.335
40.380
40.535
40.375
40.410
40.315
40.175
40.435
40.415
40.610
40.550
40.400
40.145
40.380
40.580
40.605
40.530
40.000
39.760
39.755
40.050
40.100
39.750
39.690
39.550
39.295
39.205
39.630
39.490
39.835
39.605
40.395
40.485
40.170
39.750
39.900
39.455
39.270
39.600
39.465
39.535
39.790
39.830
39.935
39.840
40.130
40.115
40.340
40.470
40.590
39.970
40.120
40.110
40.095
40.160
40.070
40.040
39.525
39.640
39.765
39.895
40.070
39.740
39.495
39.375
39.440
39.130
39.110
39.140
39.525
39.665
39.830
39.950
39.950
40.005
39.940
39.750
39.865
39.960
39.820
39.785
39.850
39.555
39.480
38.865
38.665
38.630
38.420
38.295
38.360
38.135
38.020
38.115
38.455
38.920
38.830
38.670
38.975
39.500
39.300
39.275
38.660
37.870
38.000
38.055
37.730
38.115
37.585
37.725
38.155
38.435
38.570
37.840
37.155
36.970
36.755
36.935
37.065
37.265
37.245
36.945
36.885
36.830
36.745
37.170
37.105
37.250
37.305
37.110
37.105
36.355
36.430
36.310
36.360
36.445
36.415
36.725
36.695
36.750
36.805
37.085
37.115
37.055
37.075
37.545
36.820
36.315
36.315
36.270
36.135
35.905
35.825
35.965
36.285
36.055
36.345
36.415
36.585
36.150
36.225
36.455
36.385
36.490
36.315
36.225
36.680
36.730
36.960
36.840
37.015
36.940
37.140
37.125
37.115
36.615
36.360
36.335
36.335
36.490
36.490
36.550
36.585
36.200
35.805
35.680
35.630
36.330
36.190
35.815
35.425
35.255
35.415
35.390
35.650
35.385
35.735
35.655
36.180
36.185
35.985
36.060
36.230
36.260
36.110
36.110
36.310
36.655
36.735
36.765
36.615
36.570
36.795
37.200
36.835
36.590
36.475
36.645
37.330
37.555
37.725
37.675
37.685
37.610
37.660
37.690
37.965
38.005
37.745
37.735
37.395
37.560
37.380
37.165
37.240
37.365
37.430
37.460
37.575
37.790
37.870
37.325
37.145
37.095
37.040
37.270
36.895
37.025
36.735
36.615
36.505
36.565
36.460
36.555
36.545
36.520
36.525
36.505
37.370
37.510
37.365
37.225
37.380
37.345
37.370
37.360
37.380
37.420
37.480
37.450
37.070
37.165
37.560
37.435
37.735
37.730
37.735
37.715
37.580
37.765
37.670
37.685
37.600
37.605
37.450
37.540
37.765
37.915
37.980
38.405
38.700
39.290
39.575
39.465
39.285
38.720
38.655
39.290
39.105
38.570
38.670
38.685
39.135
39.225
39.145
39.565
39.500
39.005
38.690
38.585
38.260
38.010
37.570
37.660
37.625
37.610
37.580
37.555
37.480
37.275
37.275
37.640
37.685
37.760
37.745
36.965
37.435
36.990
36.805
36.785
36.845
37.830
37.730
37.630
37.590
37.510
37.675
37.540
37.310
37.270
37.180
36.795
36.675
36.790
36.685
36.020
35.965
36.305
37.250
37.305
37.605
37.560
37.820
37.755
37.435
37.360
37.085
37.170
36.985
36.855
36.735
36.605
36.725
36.990
37.245
37.245
36.800
36.765
36.755
36.825
36.570
36.270
36.845
36.855
37.115
37.125
37.110
37.125
37.215
37.085
37.100
37.100
37.045
37.165
37.340
37.455
37.480
36.735
36.725
36.760
37.150
37.275
37.165
36.965
36.685
36.615
36.265
36.095
35.580
35.740
35.805
36.205
36.015
35.920
36.495
36.615
36.570
36.305
35.830
35.820
35.825
36.120
35.810
35.455
35.600
35.565
35.515
35.325
34.500
34.415
34.315
34.210
34.205
34.265
34.165
34.095
33.850
33.835
33.770
33.640
33.790
33.855
33.240
33.155
33.015
32.750
32.470
32.610
32.560
32.355
32.385
32.340
32.310
32.490
32.230
31.920
32.255
32.105
32.140
32.195
32.620
32.525
33.025
33.000
33.085
33.115
32.930
33.005
32.510
32.330
32.550
32.550
32.410
32.665
32.825
32.965
32.920
32.865
33.055
33.110
33.185
32.975
32.415
32.350
32.110
32.390
32.420
32.225
32.155
31.935
31.920
31.905
32.125
32.140
32.015
32.240
32.220
32.115
32.130
32.160
32.290
31.665
31.615
31.805
31.685
32.060
32.285
31.900
31.955
32.420
32.575
33.435
33.040
32.995
33.145
32.610
32.480
32.745
33.170
33.130
33.160
33.295
32.960
33.050
33.125
33.235
33.480
33.280
33.635
33.990
34.125
33.950
33.915
33.845
34.300
34.530
34.055
34.230
34.185
34.205
34.120
33.140
33.175
33.390
34.045
34.130
33.945
33.720
34.545
34.735
34.730
35.175
35.075
34.945
34.980
35.940
36.670
36.420
35.435
35.620
35.305
35.315
35.335
35.905
35.980
36.020
35.930
35.765
35.715
35.800
35.845
35.785
35.790
35.565
35.435
35.645
35.590
35.875
35.750
35.645
35.705
35.780
35.010
35.025
34.810
35.315
35.485
35.685
35.915
36.130
35.960
35.955
36.020
35.940
36.115
36.015
36.040
36.040
36.800
37.040
36.665
37.065
37.070
36.925
36.935
37.450
37.510
37.795
37.860
38.660
38.780
38.325
38.355
38.440
38.100
37.960
37.840
37.870
37.955
37.830
37.955
37.750
37.765
37.700
37.755
37.960
38.095
38.710
38.675
38.680
38.640
39.060
39.440
39.420
39.525
39.605
39.470
39.570
39.990
40.230
40.475
40.265
40.480
40.735
40.720
40.780
40.875
40.945
40.935
40.630
40.515
40.435
40.895
41.135
41.415
41.615
41.235
41.375
41.335
41.340
41.250
41.355
40.825
40.720
41.010
40.770
40.995
41.130
41.105
40.940
40.860
40.870
40.840
40.770
40.760
40.575
40.525
40.605
40.620
40.680
40.555
40.785
40.790
41.345
41.395
41.175
41.735
42.150
42.180
42.100
42.110
42.280
42.225
42.560
43.505
43.125
43.130
43.235
43.410
43.085
42.680
43.200
42.980
42.845
43.010
42.500
42.530
42.285
42.050
41.470
41.295
40.505
40.860
40.955
40.935
41.210
41.440
41.100
41.030
41.230
41.540
41.275
41.300
41.075
41.395
41.305
41.305
41.160
40.880
40.520
40.375
40.450
40.585
40.540
40.230
40.055
40.440
40.335
40.385
40.630
40.950
41.265
41.400
41.240
40.905
41.520
41.740
42.335
41.950
42.085
42.285
42.195
42.770
43.000
43.285
42.370
42.215
42.515
42.535
42.345
42.400
42.615
42.340
42.545
42.510
42.790
42.880
43.010
43.150
43.075
43.240
43.285
43.365
43.695
43.905
44.275
44.340
44.095
44.160
44.175
44.600
44.980
45.525
45.905
45.720
45.205
45.250
45.555
45.350
45.165
45.560
45.430
45.380
45.475
45.170
45.220
45.280
45.465
44.685
45.360
46.115
45.475
45.755
46.065
46.080
45.505
45.580
45.250
45.220
44.515
44.530
44.600
44.550
44.615
44.475
44.660
44.630
44.520
45.405
45.425
45.710
45.680
45.625
46.010
46.020
45.775
46.065
45.515
46.040
45.900
46.010
46.310
46.350
46.600
46.940
46.975
47.160
47.335
46.845
46.605
46.345
46.395
46.430
46.165
46.190
46.335
46.405
46.230
46.355
46.285
46.435
46.680
46.245
45.820
45.705
45.610
45.730
45.630
45.855
45.920
45.660
45.980
46.010
46.070
45.850
46.110
46.870
46.690
46.460
46.445
46.365
46.730
46.805
46.705
46.485
46.585
46.620
47.530
47.670
47.590
47.690
47.500
47.705
47.430
47.450
47.455
46.970
46.805
46.825
46.970
46.970
46.920
46.900
46.625
45.665
45.670
45.400
45.270
45.030
45.010
45.100
44.620
44.660
44.945
44.855
45.095
45.250
45.295
45.450
45.570
45.570
45.485
45.055
44.920
44.695
44.815
44.440
44.485
44.315
44.475
44.180
44.255
44.235
44.275
43.910
43.960
44.060
44.280
44.160
44.355
44.295
44.200
44.270
44.460
44.395
44.315
43.995
43.895
44.055
44.045
44.070
44.295
44.255
44.295
44.125
43.760
43.600
42.990
42.560
42.745
42.670
42.380
41.900
42.065
41.835
42.645
42.025
41.775
42.560
42.685
42.700
42.570
43.165
42.505
43.260
43.010
42.905
42.795
43.640
43.635
43.530
43.530
43.530
42.990
42.690
42.180
42.415
42.750
42.885
42.970
42.515
42.095
41.830
42.405
42.625
42.710
42.525
42.030
42.030
42.205
41.880
41.810
41.880
41.895
41.930
41.910
41.770
41.835
41.830
40.860
40.175
40.320
40.000
40.675
40.760
40.735
40.630
40.660
40.850
40.880
40.730
41.390
41.590
41.520
41.475
41.765
41.775
42.475
41.960
42.010
41.655
41.665
42.040
41.810
41.760
41.875
41.560
41.500
41.335
41.455
42.005
41.185
40.905
40.735
40.310
41.165
41.090
40.935
40.945
41.060
41.230
41.215
41.295
41.385
41.365
41.375
41.405
41.400
41.360
41.365
41.280
41.055
40.960
41.185
41.010
41.015
41.890
41.880
41.815
41.920
42.760
42.345
42.330
42.415
42.335
42.115
41.280
41.265
41.140
41.615
41.520
41.560
41.750
41.695
41.815
42.245
42.220
41.315
41.085
41.080
41.050
41.045
41.035
41.230
41.180
41.140
41.345
41.135
41.085
40.960
41.135
41.530
41.395
41.435
41.625
41.955
41.955
41.980
42.185
42.140
41.880
41.850
42.005
42.315
42.400
42.430
42.450
42.585
42.470
42.825
43.115
43.000
43.200
43.165
43.325
43.005
43.030
43.145
43.280
42.985
42.990
43.045
43.425
43.335
43.385
43.595
43.270
43.865
44.130
43.925
43.955
43.835
43.695
43.700
43.755
43.825
44.145
44.160
43.955
43.665
43.425
42.975
43.005
42.900
42.805
42.495
42.435
42.760
42.830
42.370
42.305
42.510
42.520
42.340
42.440
41.635
41.755
41.600
40.810
40.785
41.130
41.320
40.790
40.570
39.980
39.895
39.895
40.360
39.705
39.750
39.905
39.860
39.815
40.125
40.080
39.985
39.735
39.385
39.245
39.155
39.350
39.630
39.610
38.775
38.655
38.870
38.880
39.015
39.080
39.015
38.930
39.175
39.020
38.960
38.890
38.915
39.400
39.150
39.970
40.270
40.540
40.725
40.980
40.185
40.290
40.550
40.600
40.545
40.470
40.210
40.255
39.410
39.270
39.275
39.200
38.775
39.135
38.565
38.300
38.405
38.345
38.460
38.120
38.115
37.895
37.830
37.750
37.765
