19.900
19.900
19.733
19.400
19.500
19.450
19.257
19.238
19.178
19.200
19.200
19.150
19.069
19.057
19.107
19.113
19.071
19.044
19.021
19.065
19.105
19.114
19.126
19.133
19.140
19.150
19.148
19.143
19.141
19.107
19.113
19.091
19.100
19.082
19.083
19.067
19.086
19.061
19.059
19.045
19.061
19.040
19.060
19.068
19.044
19.061
19.091
19.067
19.084
19.082
19.098
19.098
19.089
19.109
19.111
19.109
19.096
19.097
19.081
19.065
19.070
19.071
19.056
19.067
19.052
19.053
19.066
19.060
19.068
19.070
19.083
19.093
19.101
19.101
19.109
19.120
19.112
19.105
19.116
19.125
19.125
19.123
19.116
19.119
19.127
19.135
19.129
19.131
19.126
19.127
19.120
19.123
19.118
19.126
19.118
19.118
19.112
19.114
19.122
19.123
19.126
19.122
19.128
19.133
19.133
19.128
19.136
19.142
19.144
19.144
19.146
19.156
19.156
19.156
19.157
19.157
19.156
19.164
19.163
19.163
19.164
19.170
19.174
19.176
19.182
19.182
19.186
19.181
19.178
19.178
19.174
19.174
19.174
19.176
19.176
19.171
19.179
19.178
19.183
19.183
19.175
19.167
19.162
19.162
19.158
19.166
19.161
19.157
19.157
19.157
19.160
19.159
19.159
19.160
19.166
19.161
19.161
19.165
19.162
19.158
19.162
19.164
19.161
19.161
19.166
19.161
19.159
19.157
19.158
19.155
19.151
19.155
19.151
19.152
19.154
19.157
19.157
19.154
19.158
19.154
19.154
19.154
19.157
19.158
19.162
19.165
19.165
19.169
19.169
19.172
19.172
19.173
19.177
19.173
19.176
19.180
19.176
19.175
19.171
19.172
19.168
19.162
19.161
19.168
19.169
19.167
19.169
19.166
19.166
19.162
19.162
19.165
19.169
19.168
19.168
19.165
19.169
19.172
19.176
19.169
19.162
19.156
19.158
19.157
19.160
19.160
19.158
19.161
19.161
19.166
19.165
19.165
19.164
19.167
19.162
19.171
19.165
19.168
19.166
19.173
19.170
19.175
19.175
19.173
19.184
19.182
19.175
19.185
19.183
19.182
19.182
19.181
19.182
19.172
19.169
19.172
19.173
19.170
19.176
19.176
19.169
19.167
19.172
19.169
19.171
19.171
19.169
19.174
19.175
19.172
19.169
19.163
19.161
19.163
19.164
19.155
19.158
19.161
19.160
19.157
19.158
19.161
19.159
19.158
19.157
19.151
19.152
19.150
19.147
19.143
19.150
19.150
19.150
19.148
19.152
19.153
19.159
19.161
19.158
19.159
19.155
19.161
19.158
19.158
19.153
19.156
19.154
19.153
19.154
19.149
19.148
19.143
19.147
19.141
19.144
19.147
19.141
19.138
19.138
19.139
19.138
19.135
19.134
19.133
19.125
19.125
19.123
19.125
19.121
19.122
19.127
19.127
19.127
19.126
19.128
19.127
19.124
19.128
19.124
19.120
19.126
19.131
19.132
19.129
19.129
19.121
19.121
19.124
19.124
19.123
19.121
19.122
19.124
19.120
19.116
19.123
19.127
19.121
19.118
19.124
19.118
19.120
19.120
19.123
19.119
19.126
19.125
19.127
19.122
19.125
19.132
19.126
19.131
19.131
19.133
19.132
19.132
19.132
19.122
19.128
19.124
19.128
19.121
19.124
19.116
19.113
19.110
19.109
19.109
19.108
19.111
19.110
19.104
19.106
19.100
19.097
19.096
19.097
19.104
19.101
19.101
19.097
19.097
19.098
19.091
19.093
19.096
19.099
19.096
19.100
19.100
19.100
19.104
19.107
19.104
19.104
19.108
19.109
19.105
19.106
19.109
19.112
19.110
19.104
19.100
19.100
19.105
19.104
19.104
19.105
19.105
19.111
19.110
19.104
19.110
19.107
19.110
19.111
19.111
19.108
19.108
19.103
19.100
19.095
19.087
19.086
19.088
19.084
19.080
19.082
19.081
19.086
19.088
19.090
19.094
19.091
19.098
19.102
19.098
19.106
19.112
19.111
19.111
19.113
19.115
19.115
19.109
19.107
19.106
19.109
19.105
19.105
19.108
19.103
19.106
19.108
19.106
19.107
19.103
19.103
19.101
19.105
19.115
19.113
19.110
19.112
19.112
19.112
19.121
19.125
19.121
19.121
19.125
19.120
19.120
19.117
19.117
19.111
19.111
19.109
19.114
19.113
19.114
19.111
19.115
19.117
19.119
19.120
19.116
19.122
19.122
19.123
19.119
19.124
19.120
19.120
19.121
19.124
19.121
19.124
19.122
19.125
19.127
19.127
19.132
19.135
19.132
19.131
19.137
19.137
19.131
19.132
19.127
19.118
19.118
19.127
19.124
19.124
19.127
19.126
19.130
19.131
19.129
19.132
19.138
19.143
19.146
19.141
19.141
19.142
19.139
19.143
19.143
19.150
19.143
19.142
19.133
19.139
19.142
19.142
19.145
19.145
19.151
19.144
19.141
19.139
19.141
19.141
19.141
19.135
19.126
19.126
19.125
19.129
19.128
19.130
19.124
19.129
19.133
19.134
19.134
19.125
19.132
19.131
19.130
19.130
19.134
19.131
19.134
19.132
19.131
19.136
19.138
19.139
19.142
19.138
19.146
19.142
19.139
19.142
19.142
19.148
19.147
19.143
19.149
19.150
19.149
19.153
19.158
19.154
19.154
19.153
19.150
19.151
19.148
19.151
19.150
19.153
19.155
19.153
19.151
19.155
19.155
19.165
19.168
19.162
19.165
19.165
19.166
19.168
19.169
19.168
19.171
19.171
19.171
19.169
19.166
19.167
19.167
19.164
19.167
19.172
19.170
19.178
19.178
19.181
19.178
19.175
19.180
19.184
19.178
19.172
19.174
19.174
19.172
19.172
19.170
19.169
19.173
19.170
19.174
19.176
19.173
19.172
19.176
19.180
19.180
19.173
19.170
19.172
19.177
19.178
19.176
19.181
19.175
19.181
19.184
19.181
19.181
19.178
19.180
19.177
19.168
19.170
19.169
19.170
19.173
19.175
19.175
19.170
19.167
19.164
19.161
19.165
19.165
19.165
19.161
19.168
19.172
19.173
19.171
19.166
19.164
19.165
19.170
19.168
19.161
19.158
19.161
19.161
19.164
19.163
19.159
19.162
19.162
19.157
19.159
19.152
19.157
19.156
19.155
19.156
19.156
19.156
19.156
19.153
19.156
19.155
19.151
19.150
19.157
19.157
19.163
19.171
19.169
19.160
19.157
19.153
19.148
19.153
19.150
19.149
19.154
19.161
19.155
19.153
19.154
19.161
19.164
19.164
19.162
19.156
19.149
19.142
19.153
19.154
19.163
19.162
19.165
19.165
19.168
19.164
19.161
19.159
19.158
19.155
19.155
19.154
19.161
19.167
19.176
19.181
19.180
19.180
19.177
19.170
19.179
19.178
19.176
19.170
19.176
19.188
19.187
19.186
19.185
19.186
19.183
19.181
19.179
19.182
19.179
19.175
19.177
19.177
19.180
19.182
19.176
19.176
19.171
19.168
19.169
19.165
19.161
19.160
19.150
19.146
19.147
19.141
19.145
19.145
19.143
19.143
19.138
19.135
19.139
19.135
19.135
19.134
19.129
19.129
19.133
19.131
19.128
19.121
19.118
19.124
19.121
19.121
19.116
19.111
19.108
19.106
19.100
19.103
19.103
19.103
19.104
19.101
19.107
19.106
19.107
19.104
19.106
19.101
19.104
19.105
19.106
19.111
19.105
19.101
19.107
19.114
19.111
19.114
19.117
19.116
19.116
19.119
19.118
19.115
19.112
19.108
19.106
19.106
19.104
19.104
19.107
19.112
19.113
19.114
19.113
19.110
19.104
19.104
19.104
19.098
19.097
19.101
19.101
19.102
19.104
19.101
19.104
19.100
19.104
19.103
19.104
19.099
19.096
19.104
19.103
19.099
19.105
19.102
19.097
19.099
19.102
19.099
19.099
19.095
19.096
19.099
19.099
19.100
19.097
19.097
19.104
19.107
19.110
19.112
19.109
19.110
19.114
19.114
19.115
19.121
19.124
19.123
19.122
19.120
19.124
19.121
19.117
19.118
19.115
19.118
19.124
19.128
19.131
19.133
19.129
19.125
19.124
19.125
19.124
19.133
19.134
19.132
19.135
19.137
19.139
19.143
19.143
19.139
19.140
19.140
19.138
19.137
19.134
19.133
19.136
19.139
19.140
19.146
19.142
19.139
19.135
19.131
19.135
19.132
19.124
19.122
19.125
19.134
19.139
19.146
19.147
19.150
19.147
19.150
19.150
19.146
19.146
19.146
19.146
19.150
19.151
19.152
19.153
19.156
19.150
19.148
19.142
19.134
19.144
19.140
19.146
19.150
19.149
19.145
19.145
19.142
19.141
19.141
19.140
19.140
19.141
19.146
19.153
19.156
19.159
19.163
19.168
19.169
19.175
19.182
19.183
19.186
19.183
19.187
19.190
19.182
19.190
19.192
19.194
19.194
19.185
19.187
19.192
19.194
19.191
19.197
19.197
19.198
19.199
19.199
19.198
19.200
19.206
19.208
19.208
19.208
19.213
19.210
19.211
19.210
19.209
19.209
19.204
19.208
19.208
19.214
19.214
19.217
19.220
19.213
19.213
19.206
19.212
19.209
19.203
19.199
19.202
19.201
19.203
19.203
19.203
19.199
19.195
19.199
19.195
19.197
19.205
19.201
19.199
19.193
19.190
19.190
19.193
19.194
19.188
19.193
19.195
19.192
19.196
19.202
19.197
19.195
19.197
19.203
19.201
19.196
19.199
19.200
19.198
19.202
19.202
19.207
19.202
19.193
19.198
19.207
19.203
19.207
19.214
19.215
19.215
19.212
19.213
19.212
19.208
19.207
19.207
19.202
19.203
19.203
19.199
19.193
19.193
19.186
19.188
19.189
19.192
19.194
19.194
19.188
19.194
19.198
19.198
19.200
19.199
19.199
19.197
19.196
19.194
19.190
19.187
19.187
19.188
19.187
19.191
19.194
19.188
19.188
19.191
19.193
19.200
19.203
19.208
19.205
19.205
19.202
19.202
19.195
19.199
19.201
19.206
19.202
19.206
19.206
19.205
19.208
19.215
19.214
19.213
19.214
19.214
19.219
19.212
19.212
19.213
19.219
19.220
19.221
19.223
19.213
19.216
19.217
19.219
19.220
19.223
19.223
19.223
19.216
19.213
19.208
19.200
19.203
19.204
19.198
19.201
19.196
19.198
19.207
19.201
19.201
19.189
19.187
19.191
19.191
19.192
19.195
19.196
19.196
19.193
19.194
19.200
19.199
19.197
19.200
19.197
19.195
19.192
19.195
19.199
19.194
19.194
19.195
19.201
19.194
19.193
19.204
19.201
19.199
19.195
19.200
19.211
19.207
19.202
19.204
19.208
19.208
19.205
19.203
19.205
19.208
19.203
19.198
19.198
19.200
19.203
19.207
19.211
19.218
19.216
19.217
19.221
19.230
19.233
19.232
19.228
19.229
19.233
19.232
19.230
19.236
19.230
19.235
19.231
19.238
19.236
19.239
19.237
19.238
19.239
19.239
19.236
19.231
19.235
19.237
19.241
19.242
19.243
19.247
19.247
19.249
19.255
19.256
19.247
19.245
19.250
19.250
19.256
19.257
19.251
19.251
19.256
19.255
19.252
19.247
19.251
19.256
19.257
19.258
19.253
19.255
19.259
19.261
19.267
19.276
19.279
19.274
19.274
19.269
19.268
19.263
19.262
19.264
19.254
19.255
19.262
19.263
19.263
19.263
19.266
19.260
19.261
19.257
19.258
19.262
19.258
19.262
19.257
19.256
19.256
19.261
19.248
19.245
19.246
19.247
19.243
19.245
19.243
19.240
19.246
19.246
19.241
19.238
19.232
19.234
19.228
19.223
19.229
19.232
19.229
19.225
19.225
19.223
19.213
19.216
19.211
19.211
19.206
19.209
19.207
19.203
19.197
19.201
19.198
19.202
19.209
19.200
19.193
19.189
19.189
19.187
19.188
19.191
19.197
19.197
19.199
19.190
19.182
19.178
19.177
19.184
19.176
19.176
19.177
19.172
19.160
19.163
19.158
19.162
19.168
19.174
19.181
19.177
19.182
19.188
19.190
19.193
19.191
19.188
19.190
19.193
19.198
19.201
19.197
19.201
19.203
19.207
19.206
19.206
19.210
19.210
19.211
19.212
19.212
19.208
19.209
19.207
19.206
19.202
19.202
19.207
19.205
19.205
19.202
19.210
19.211
19.202
19.202
19.204
19.207
19.205
19.203
19.198
19.200
19.207
19.201
19.196
19.202
19.204
19.205
19.199
19.202
19.208
19.208
19.202
19.199
19.190
19.183
19.180
19.182
19.181
19.177
19.174
19.171
19.175
19.169
19.169
19.159
19.159
19.159
19.157
19.166
19.164
19.165
19.156
19.161
19.155
19.153
19.156
19.152
19.150
19.152
19.157
19.160
19.160
19.156
19.161
19.157
19.160
19.156
19.153
19.148
19.143
19.143
19.141
19.138
19.135
19.135
19.136
19.141
19.132
19.130
19.132
19.134
19.132
19.128
19.130
19.126
19.123
19.127
19.116
19.109
19.106
19.101
19.093
19.085
19.087
19.086
19.095
19.091
19.097
19.092
19.095
19.098
19.098
19.094
19.094
19.094
19.095
19.095
19.100
19.101
19.107
19.104
19.100
19.097
19.096
19.097
19.091
19.093
19.085
19.090
19.094
19.096
19.091
19.101
19.098
19.101
19.107
19.109
19.108
19.109
19.111
19.111
19.108
19.109
19.112
19.116
19.113
19.114
19.117
19.107
19.108
19.112
19.113
19.115
19.115
19.120
19.122
19.121
19.126
19.128
19.122
19.125
19.125
19.124
19.131
19.138
19.135
19.133
19.130
19.131
19.124
19.123
19.119
19.121
19.128
19.131
19.131
19.125
19.121
19.121
19.115
19.114
19.117
19.119
19.120
19.126
19.120
19.112
19.112
19.109
19.103
19.102
19.101
19.099
19.098
19.101
19.106
19.103
19.107
19.112
19.109
19.109
19.102
19.093
19.090
19.088
19.088
19.091
19.091
19.082
19.082
19.081
19.081
19.079
19.076
19.081
19.078
19.076
19.072
19.074
19.071
19.070
19.070
19.070
19.079
19.080
19.080
19.072
19.064
19.055
19.059
19.065
19.057
19.058
19.055
19.052
19.056
19.056
19.058
19.051
19.041
19.041
19.043
19.050
19.054
19.057
19.061
19.056
19.052
19.058
19.055
19.059
19.054
19.055
19.050
19.053
19.056
19.057
19.056
19.054
19.054
19.053
19.056
19.055
19.056
19.057
19.053
19.054
19.059
19.062
19.062
19.062
19.056
19.059
19.056
19.059
19.052
19.055
19.055
19.063
19.069
19.071
19.072
19.074
19.076
19.077
19.070
19.061
19.066
19.068
19.068
19.068
19.072
19.074
19.068
19.069
19.073
19.073
19.079
19.080
19.077
19.079
19.087
19.091
19.095
19.097
19.091
19.097
19.091
19.096
19.094
19.094
19.096
19.091
19.087
19.088
19.090
19.085
19.081
19.080
19.083
19.083
19.086
19.091
19.089
19.091
19.090
19.091
19.097
19.098
19.095
19.088
19.087
19.087
19.085
19.080
19.080
19.078
19.079
19.074
19.077
19.083
19.080
19.084
19.084
19.081
19.081
19.082
19.078
19.081
19.077
19.080
19.082
19.080
19.080
19.080
19.079
19.077
19.075
19.074
19.080
19.077
19.068
19.065
19.060
19.056
19.066
19.070
19.075
19.076
19.076
19.072
19.075
19.072
19.069
19.073
19.069
19.067
19.069
19.078
19.075
19.075
19.071
19.075
19.072
19.068
19.076
19.082
19.085
19.088
19.094
19.090
19.093
19.087
19.086
19.086
19.086
19.088
19.079
19.078
19.075
19.076
19.079
19.081
19.076
19.073
19.075
19.069
19.068
19.073
19.073
19.074
19.071
19.074
19.080
19.080
19.084
19.086
19.089
19.081
19.080
19.078
19.070
19.065
19.062
19.059
19.063
19.071
19.080
19.086
19.090
19.087
19.085
19.083
19.084
19.087
19.081
19.081
19.076
19.081
19.087
19.086
19.092
19.088
19.091
19.092
19.087
19.088
19.088
19.085
19.088
19.085
19.082
19.091
19.096
19.099
19.096
19.095
19.087
19.087
19.094
19.094
19.095
19.097
19.099
19.098
19.101
19.102
19.099
19.097
19.094
19.095
19.101
19.102
19.102
19.099
19.105
19.102
19.102
19.094
19.096
19.094
19.090
19.091
19.091
19.092
19.101
19.107
19.106
19.108
19.111
19.112
19.111
19.115
19.118
19.122
19.116
19.116
19.115
19.117
19.123
19.123
19.119
19.121
19.120
19.124
19.120
19.118
19.122
19.121
19.118
19.121
19.125
19.136
19.136
19.134
19.130
19.132
19.137
19.140
19.139
19.143
19.146
19.148
19.150
19.148
19.151
19.142
19.142
19.143
19.148
19.151
19.152
19.152
19.149
19.154
19.152
19.151
19.147
19.155
19.155
19.150
19.151
19.144
19.145
19.149
19.148
19.144
19.142
19.146
19.150
19.148
19.144
19.150
19.148
19.142
19.142
19.148
19.148
19.152
19.152
19.149
19.158
19.158
19.155
19.152
19.149
19.146
19.148
19.142
19.138
19.140
19.135
19.139
19.142
19.142
19.143
19.147
19.150
19.144
19.149
19.143
19.145
19.144
19.138
19.142
19.142
19.138
19.136
19.128
19.125
19.129
19.126
19.132
19.131
19.131
19.129
19.129
19.132
19.133
19.138
19.141
19.141
19.145
19.149
19.158
19.154
19.150
19.148
19.145
19.145
19.148
19.154
19.151
19.154
19.151
19.151
19.149
19.144
19.149
19.151
19.149
19.150
19.151
19.155
19.160
19.159
19.160
19.159
19.162
19.162
19.161
19.167
19.168
19.174
19.169
19.175
19.176
19.185
19.186
19.189
19.190
19.188
19.183
19.181
19.175
19.174
19.177
19.180
19.177
19.178
19.176
19.182
19.178
19.175
19.178
19.181
19.182
19.184
19.182
19.179
19.179
19.181
19.179
19.182
19.178
19.176
19.173
19.169
19.163
19.169
19.168
19.167
19.166
19.169
19.168
19.167
19.170
19.177
19.186
19.184
19.191
19.194
19.199
19.192
19.189
19.186
19.181
19.185
19.178
19.170
19.169
19.168
19.162
19.156
19.151
19.157
19.157
19.158
19.156
19.151
19.152
19.153
19.146
19.145
19.140
19.146
19.147
19.150
19.153
19.155
19.153
19.153
19.147
19.148
19.146
19.146
19.144
19.146
19.143
19.140
19.137
19.132
19.125
19.126
19.120
19.124
19.130
19.128
19.130
19.125
19.127
19.128
19.119
19.126
19.130
19.125
19.125
19.128
19.128
19.126
19.134
19.137
19.140
19.139
19.133
19.130
19.136
19.139
19.137
19.130
19.122
19.125
19.123
19.121
19.127
19.126
19.123
19.121
19.117
19.117
19.124
19.123
19.124
19.127
19.130
19.130
19.130
19.125
19.125
19.130
19.129
19.137
19.131
19.129
19.128
19.128
19.127
19.125
19.125
19.125
19.133
19.134
19.134
19.142
19.145
19.139
19.142
19.140
19.144
19.150
19.149
19.150
19.150
19.154
19.154
19.155
19.150
19.153
19.152
19.149
19.150
19.151
19.155
19.158
19.150
19.152
19.155
19.159
19.159
19.159
19.155
19.149
19.150
19.149
19.151
19.153
19.151
19.154
19.152
19.151
19.154
19.157
19.166
19.156
19.148
19.145
19.137
19.133
19.130
19.131
19.131
19.130
19.135
19.126
19.134
19.125
19.119
19.116
19.113
19.109
19.112
19.111
19.115
19.115
19.123
19.119
19.114
19.111
19.114
19.110
19.115
19.114
19.111
19.107
19.107
19.105
19.104
19.107
19.109
19.105
19.108
19.111
19.111
19.105
19.114
19.113
19.112
19.109
19.118
19.110
19.105
19.101
19.101
19.099
19.103
19.100
19.096
19.096
19.090
19.083
19.083
19.086
19.076
19.085
19.086
19.081
19.083
19.080
19.085
19.093
19.094
19.095
19.093
19.098
19.097
19.100
19.097
19.096
19.099
19.097
19.097
19.097
19.101
19.103
19.105
19.099
19.098
19.090
19.091
19.095
19.098
19.097
19.097
19.102
19.102
19.109
19.112
19.110
19.107
19.104
19.100
19.101
19.109
19.102
19.112
19.109
19.106
19.104
19.103
19.110
19.108
19.113
19.113
19.114
19.113
19.119
19.116
19.113
19.111
19.107
19.104
19.103
19.106
19.106
19.107
19.106
19.104
19.099
19.100
19.106
19.110
19.102
19.104
19.101
19.102
19.107
19.107
19.110
19.110
19.113
19.112
19.109
19.109
19.108
19.110
19.110
19.115
19.118
19.120
19.115
19.113
19.111
19.120
19.120
19.121
19.127
19.129
19.130
19.130
19.131
19.130
19.128
19.128
19.125
19.121
19.124
19.124
19.117
19.112
19.105
19.102
19.099
19.100
19.096
19.096
19.093
19.094
19.088
19.085
19.088
19.079
19.075
19.075
19.075
19.075
19.073
19.068
19.068
19.071
19.073
19.071
19.077
19.070
19.071
19.075
19.079
19.079
19.079
19.076
19.080
19.080
19.076
19.072
19.085
19.087
19.090
19.098
19.102
19.101
19.100
19.103
19.102
19.099
19.106
19.105
19.105
19.101
19.101
19.099
19.096
19.095
19.095
19.100
19.098
19.097
19.101
19.108
19.112
19.115
19.112
19.108
19.107
19.111
19.117
19.113
19.116
19.122
19.121
19.124
19.128
19.122
19.121
19.116
19.120
19.117
19.111
19.115
19.121
19.114
19.122
19.122
19.122
19.121
19.120
19.111
19.114
19.112
19.110
19.107
19.116
19.114
19.107
19.104
19.102
19.102
19.105
19.109
19.111
19.111
19.107
19.109
19.108
19.112
19.112
19.112
19.113
19.113
19.109
19.105
19.109
19.106
19.100
19.101
19.099
19.095
19.099
19.101
19.109
19.105
19.101
19.101
19.099
19.094
19.091
19.089
19.090
19.090
19.083
19.082
19.082
19.089
19.087
19.089
19.088
19.083
19.076
19.079
19.082
19.085
19.082
19.082
19.081
19.084
19.081
19.083
19.080
19.084
19.090
19.086
19.090
19.086
19.087
19.087
19.084
19.089
19.093
19.088
19.092
19.095
19.095
19.098
19.104
19.095
19.098
19.090
19.087
19.085
19.087
19.090
19.090
19.087
19.087
19.087
19.094
19.093
19.092
19.086
19.084
19.086
19.095
19.095
19.099
19.090
19.089
19.091
19.092
19.099
19.096
19.100
19.100
19.094
19.100
19.104
19.101
19.102
19.101
19.101
19.113
19.118
19.124
19.125
19.123
19.125
19.125
19.125
19.123
19.125
19.135
19.137
19.134
19.139
19.142
19.140
19.134
19.139
19.143
19.152
19.153
19.149
19.150
19.147
19.144
19.147
19.148
19.139
19.129
19.129
19.129
19.135
19.132
19.133
19.137
19.136
19.130
19.134
19.127
19.124
19.128
19.125
19.119
19.116
19.119
19.124
19.121
19.117
19.121
19.124
19.124
19.127
19.129
19.125
19.119
19.120
19.120
19.114
19.115
19.115
19.115
19.108
19.111
19.112
19.113
19.108
19.106
19.109
19.102
19.097
19.102
19.101
19.101
19.098
19.096
19.101
19.100
19.102
19.108
19.106
19.106
19.110
19.110
19.113
19.114
19.118
19.121
19.124
19.118
19.127
19.126
19.125
19.123
19.124
19.129
19.136
19.135
19.135
19.138
19.135
19.133
19.134
19.128
19.123
19.124
19.126
19.126
19.131
19.127
19.129
19.135
19.142
19.144
19.144
19.147
19.149
19.149
19.151
19.148
19.150
19.140
19.141
19.135
19.132
19.126
19.129
19.128
19.129
19.127
19.124
19.129
19.134
19.133
19.127
19.131
19.128
19.131
19.133
19.143
19.148
19.145
19.141
19.142
19.138
19.131
19.128
19.128
19.119
19.122
19.121
19.121
19.120
19.123
19.122
19.125
19.121
19.124
19.121
19.125
19.125
19.125
19.123
19.118
19.115
19.112
19.119
19.124
19.131
19.133
19.131
19.129
19.129
19.129
19.129
19.129
19.131
19.127
19.130
19.129
19.135
19.138
19.130
19.124
19.123
19.123
19.130
19.128
19.125
19.121
19.117
19.122
19.118
19.119
19.121
19.121
19.117
19.119
19.122
19.120
19.120
19.119
19.124
19.125
19.129
19.129
19.125
19.125
19.126
19.133
19.139
19.130
19.132
19.131
19.128
19.124
19.126
19.125
19.126
19.125
19.127
19.123
19.129
19.127
19.134
19.135
19.138
19.133
19.133
19.134
19.133
19.136
19.137
19.136
19.141
19.140
19.142
19.144
19.144
19.148
19.151
19.147
19.148
19.151
19.153
19.146
19.139
19.137
19.133
19.132
19.131
19.131
19.137
19.136
19.140
19.148
19.138
19.139
19.147
19.147
19.144
19.146
19.151
19.149
19.154
19.155
19.159
19.160
19.159
19.159
19.154
19.150
19.147
19.146
19.149
19.149
19.145
19.144
19.136
19.130
19.126
19.117
19.115
19.113
19.113
19.115
19.110
19.104
19.107
19.110
19.110
19.110
19.116
19.116
19.119
19.117
19.119
19.118
19.120
19.114
19.119
19.114
19.113
19.120
19.124
19.122
19.122
19.116
19.111
19.114
19.111
19.111
19.109
19.106
19.109
19.109
19.106
19.109
19.109
19.114
19.114
19.116
19.110
19.116
19.120
19.125
19.127
19.126
19.128
19.129
19.131
19.131
19.130
19.137
19.134
19.133
19.130
19.128
19.129
19.125
19.122
19.128
19.127
19.125
19.129
19.130
19.136
19.140
19.149
19.147
19.143
19.143
19.147
19.141
19.144
19.141
19.139
19.139
19.138
19.137
19.137
19.134
19.137
19.144
19.146
19.147
19.146
19.140
19.134
19.133
19.140
19.136
19.133
19.134
19.137
19.137
19.135
19.138
19.138
19.143
19.135
19.132
19.139
19.139
19.146
19.145
19.143
19.145
19.143
19.147
19.141
19.139
19.139
19.137
19.139
19.135
19.136
19.135
19.130
19.131
19.125
19.119
19.118
19.113
19.113
19.122
19.123
19.123
19.123
19.123
19.114
19.122
19.114
19.109
19.115
19.118
19.119
19.125
19.128
19.128
19.117
19.118
19.113
19.111
19.102
19.098
