2.000
1.000
0.667
0.500
0.600
0.833
1.143
1.375
1.222
1.400
1.364
1.250
1.154
1.071
1.000
1.125
1.176
1.111
1.105
1.050
1.000
0.955
0.957
0.917
0.880
0.885
0.852
0.821
0.793
0.767
0.774
0.781
0.758
0.735
0.714
0.694
0.703
0.684
0.667
0.650
0.659
0.643
0.628
0.614
0.600
0.587
0.574
0.562
0.551
0.540
0.529
0.519
0.509
0.519
0.509
0.518
0.509
0.500
0.492
0.483
0.475
0.500
0.492
0.484
0.508
0.515
0.507
0.500
0.493
0.500
0.507
0.500
0.507
0.500
0.507
0.500
0.494
0.487
0.494
0.500
0.519
0.512
0.506
0.500
0.494
0.500
0.494
0.489
0.494
0.489
0.484
0.478
0.495
0.489
0.484
0.500
0.495
0.490
0.505
0.500
0.525
0.520
0.524
0.529
0.524
0.528
0.523
0.519
0.523
0.527
0.523
0.527
0.540
0.544
0.548
0.543
0.538
0.534
0.529
0.533
0.537
0.541
0.537
0.540
0.536
0.532
0.528
0.523
0.519
0.515
0.519
0.515
0.534
0.530
0.526
0.522
0.518
0.514
0.518
0.521
0.518
0.514
0.517
0.514
0.517
0.527
0.558
0.561
0.557
0.553
0.550
0.546
0.542
0.539
0.535
0.532
0.529
0.525
0.522
0.525
0.522
0.519
0.515
0.518
0.521
0.518
0.521
0.518
0.521
0.524
0.526
0.523
0.520
0.517
0.514
0.511
0.508
0.511
0.508
0.506
0.525
0.522
0.519
0.516
0.514
0.511
0.508
0.505
0.503
0.500
0.497
0.500
0.497
0.495
0.492
0.490
0.487
0.485
0.482
0.490
0.480
0.480
0.480
0.490
0.485
0.500
0.485
0.485
0.485
0.475
0.475
0.475
0.475
0.475
0.475
0.460
0.450
0.455
0.450
0.450
0.455
0.455
0.450
0.450
0.450
0.450
0.460
0.460
0.465
0.465
0.465
0.460
0.465
0.475
0.475
0.495
0.495
0.500
0.505
0.505
0.500
0.505
0.505
0.505
0.505
0.505
0.505
0.505
0.505
0.515
0.520
0.520
0.520
0.520
0.530
0.525
0.525
0.525
0.530
0.530
0.530
0.525
0.535
0.535
0.525
0.525
0.525
0.525
0.525
0.525
0.520
0.520
0.515
0.515
0.510
0.510
0.510
0.515
0.510
0.510
0.505
0.505
0.505
0.510
0.510
0.515
0.515
0.525
0.520
0.520
0.520
0.520
0.510
0.520
0.535
0.530
0.530
0.530
0.535
0.535
0.520
0.520
0.535
0.530
0.540
0.535
0.535
0.535
0.530
0.525
0.525
0.520
0.515
0.510
0.505
0.510
0.515
0.515
0.525
0.520
0.535
0.535
0.540
0.535
0.535
0.535
0.540
0.545
0.545
0.545
0.550
0.555
0.545
0.545
0.545
0.545
0.545
0.545
0.540
0.540
0.540
0.545
0.540
0.540
0.535
0.525
0.500
0.495
0.500
0.500
0.500
0.500
0.505
0.510
0.510
0.510
0.520
0.520
0.520
0.515
0.515
0.515
0.525
0.520
0.515
0.515
0.510
0.510
0.520
0.515
0.510
0.510
0.510
0.510
0.510
0.510
0.520
0.520
0.520
0.520
0.505
0.510
0.510
0.510
0.520
0.525
0.530
0.535
0.535
0.535
0.545
0.540
0.540
0.550
0.550
0.550
0.550
0.550
0.550
0.545
0.545
0.545
0.550
0.540
0.545
0.520
0.530
0.520
0.525
0.520
0.515
0.515
0.525
0.525
0.525
0.525
0.525
0.520
0.520
0.520
0.515
0.530
0.530
0.530
0.530
0.525
0.515
0.520
0.525
0.535
0.530
0.530
0.530
0.520
0.520
0.500
0.495
0.490
0.485
0.485
0.485
0.480
0.485
0.485
0.485
0.485
0.490
0.490
0.490
0.485
0.480
0.480
0.480
0.480
0.470
0.470
0.470
0.470
0.465
0.465
0.475
0.470
0.465
0.470
0.470
0.465
0.470
0.470
0.475
0.470
0.470
0.470
0.470
0.470
0.480
0.480
0.480
0.475
0.475
0.470
0.465
0.470
0.470
0.465
0.465
0.455
0.465
0.455
0.460
0.465
0.465
0.465
0.465
0.460
0.450
0.450
0.455
0.460
0.450
0.465
0.470
0.470
0.455
0.455
0.450
0.450
0.450
0.450
0.450
0.450
0.450
0.460
0.455
0.455
0.455
0.475
0.470
0.480
0.470
0.470
0.450
0.455
0.450
0.450
0.455
0.455
0.470
0.465
0.475
0.480
0.475
0.470
0.465
0.465
0.470
0.470
0.475
0.475
0.475
0.470
0.470
0.465
0.465
0.465
0.470
0.470
0.470
0.470
0.470
0.475
0.475
0.475
0.470
0.465
0.465
0.465
0.460
0.460
0.465
0.465
0.465
0.465
0.455
0.455
0.460
0.460
0.465
0.470
0.455
0.455
0.460
0.460
0.460
0.470
0.475
0.490
0.480
0.475
0.480
0.480
0.475
0.475
0.475
0.475
0.465
0.460
0.455
0.455
0.465
0.470
0.460
0.460
0.460
0.450
0.455
0.455
0.455
0.460
0.460
0.455
0.455
0.455
0.455
0.455
0.450
0.455
0.450
0.450
0.450
0.450
0.450
0.455
0.450
0.450
0.450
0.455
0.460
0.460
0.470
0.470
0.470
0.455
0.455
0.465
0.470
0.470
0.475
0.470
0.460
0.450
0.450
0.450
0.455
0.460
0.460
0.460
0.465
0.465
0.470
0.470
0.470
0.475
0.470
0.475
0.490
0.490
0.490
0.490
0.495
0.490
0.500
0.500
0.505
0.510
0.510
0.510
0.510
0.515
0.515
0.515
0.510
0.520
0.515
0.515
0.515
0.525
0.530
0.530
0.525
0.530
0.530
0.530
0.530
0.530
0.520
0.525
0.525
0.525
0.525
0.525
0.525
0.520
0.520
0.520
0.520
0.520
0.515
0.520
0.515
0.510
0.510
0.530
0.530
0.525
0.520
0.515
0.515
0.510
0.505
0.500
0.495
0.500
0.495
0.495
0.490
0.490
0.495
0.495
0.495
0.495
0.495
0.490
0.490
0.490
0.500
0.475
0.475
0.465
0.470
0.470
0.470
0.460
0.460
0.460
0.460
0.465
0.460
0.460
0.450
0.445
0.440
0.440
0.440
0.440
0.435
0.435
0.430
0.430
0.440
0.440
0.445
0.450
0.450
0.450
0.445
0.445
0.450
0.450
0.445
0.440
0.450
0.460
0.465
0.465
0.465
0.465
0.460
0.460
0.470
0.470
0.470
0.470
0.475
0.475
0.470
0.475
0.470
0.465
0.465
0.465
0.460
0.465
0.475
0.465
0.460
0.445
0.445
0.445
0.455
0.460
0.460
0.455
0.455
0.455
0.455
0.455
0.455
0.455
0.450
0.445
0.445
0.445
0.455
0.455
0.450
0.450
0.450
0.445
0.450
0.460
0.490
0.490
0.485
0.485
0.485
0.480
0.475
0.470
0.470
0.480
0.490
0.490
0.490
0.490
0.490
0.490
0.485
0.485
0.475
0.480
0.520
0.525
0.535
0.525
0.520
0.525
0.530
0.530
0.530
0.535
0.535
0.550
0.540
0.535
0.540
0.540
0.535
0.535
0.535
0.540
0.545
0.540
0.540
0.535
0.520
0.530
0.530
0.535
0.530
0.530
0.530
0.530
0.525
0.515
0.520
0.525
0.525
0.520
0.520
0.525
0.520
0.510
0.510
0.505
0.510
0.500
0.490
0.490
0.495
0.490
0.490
0.495
0.495
0.500
0.500
0.495
0.495
0.495
0.505
0.505
0.510
0.515
0.515
0.520
0.520
0.520
0.515
0.510
0.510
0.515
0.515
0.500
0.500
0.500
0.500
0.500
0.495
0.495
0.505
0.495
0.505
0.510
0.510
0.510
0.510
0.515
0.510
0.540
0.540
0.540
0.540
0.535
0.535
0.535
0.525
0.535
0.540
0.555
0.550
0.550
0.555
0.560
0.560
0.560
0.555
0.550
0.535
0.540
0.540
0.540
0.555
0.560
0.560
0.565
0.565
0.565
0.565
0.570
0.570
0.570
0.570
0.565
0.565
0.565
0.570
0.575
0.570
0.575
0.575
0.575
0.575
0.575
0.570
0.570
0.575
0.585
0.585
0.595
0.590
0.590
0.590
0.590
0.585
0.585
0.585
0.580
0.580
0.600
0.600
0.600
0.600
0.595
0.595
0.595
0.595
0.600
0.600
0.600
0.590
0.590
0.595
0.595
0.600
0.600
0.600
0.600
0.605
0.600
0.595
0.595
0.595
0.600
0.590
0.590
0.590
0.590
0.590
0.595
0.590
0.580
