-1.000
-1.000
-1.033
-1.075
-1.100
-1.117
-1.100
-1.087
-1.078
-1.090
-1.082
-1.075
-1.092
-1.086
-1.080
-1.075
-1.071
-1.067
-1.063
-1.060
-1.076
-1.073
-1.070
-1.075
-1.076
-1.085
-1.081
-1.079
-1.041
-1.043
-1.048
-1.022
-1.030
-1.029
-1.000
-1.000
-1.003
-1.005
-1.005
-0.982
-0.983
-0.983
-0.984
-0.984
-0.984
-0.998
-0.998
-0.998
-1.004
-1.004
-1.004
-1.004
-0.987
-0.993
-0.993
-0.993
-0.991
-0.991
-0.998
-1.018
-1.021
-1.021
-1.024
-1.025
-1.025
-1.024
-1.024
-1.024
-1.023
-1.026
-1.027
-1.013
-1.012
-1.023
-1.007
-1.007
-1.006
-1.010
-1.010
-0.999
-1.001
-1.004
-1.004
-1.004
-1.005
-1.005
-1.005
-1.006
-1.006
-0.987
-0.987
-0.978
-0.986
-0.987
-0.972
-0.972
-0.974
-0.979
-0.980
-0.979
-0.969
-0.971
-0.977
-0.977
-0.972
-0.973
-0.972
-0.975
-0.976
-0.976
-0.977
-0.967
-0.974
-0.977
-0.979
-0.979
-0.981
-0.984
-0.979
-0.978
-0.979
-0.980
-0.966
-0.945
-0.947
-0.948
-0.948
-0.953
-0.953
-0.955
-0.960
-0.958
-0.955
-0.955
-0.956
-0.960
-0.961
-0.962
-0.963
-0.963
-0.965
-0.965
-0.966
-0.969
-0.970
-0.964
-0.965
-0.966
-0.970
-0.975
-0.964
-0.964
-0.966
-0.966
-0.965
-0.966
-0.955
-0.951
-0.947
-0.949
-0.908
-0.893
-0.894
-0.895
-0.889
-0.886
-0.866
-0.854
-0.866
-0.863
-0.873
-0.868
-0.869
-0.870
-0.870
-0.860
-0.858
-0.851
-0.850
-0.830
-0.833
-0.793
-0.764
-0.762
-0.740
-0.725
-0.726
-0.721
-0.683
-0.691
-0.663
-0.679
-0.680
-0.592
-0.594
-0.580
-0.523
-0.550
-0.545
-0.552
-0.552
-0.552
-0.552
-0.533
-0.540
-0.539
-0.539
-0.542
-0.527
-0.541
-0.514
-0.537
-0.507
-0.476
-0.480
-0.480
-0.496
-0.489
-0.503
-0.484
-0.440
-0.447
-0.448
-0.450
-0.437
-0.349
-0.279
-0.181
-0.180
-0.179
-0.173
-0.237
-0.243
-0.209
-0.214
-0.214
-0.213
-0.213
-0.136
-0.118
-0.086
-0.086
-0.086
-0.054
0.051
0.036
0.036
0.036
0.045
0.054
0.087
0.055
0.070
0.084
0.084
0.138
0.125
0.118
0.144
0.193
0.212
0.222
0.223
0.223
0.233
0.249
0.243
0.293
0.291
0.305
0.306
0.301
0.305
0.341
0.351
0.392
0.422
0.432
0.434
0.428
0.465
0.565
0.602
0.602
0.603
0.603
0.603
0.603
0.603
0.595
0.611
0.617
0.656
0.657
0.652
0.728
0.760
0.762
0.813
0.812
0.845
0.837
0.840
0.841
0.896
0.896
0.896
0.968
0.984
0.984
0.985
1.041
1.045
1.045
1.020
1.025
1.024
1.026
1.021
1.053
1.044
1.067
1.078
1.065
1.131
1.114
1.109
1.136
1.136
1.127
1.119
1.155
1.179
1.174
1.201
1.203
1.197
1.187
1.188
1.188
1.190
1.190
1.191
1.227
1.278
1.270
1.285
1.312
1.421
1.424
1.527
1.585
1.624
1.624
1.623
1.624
1.615
1.623
1.631
1.654
1.740
1.768
1.818
1.818
1.811
1.808
1.788
1.804
1.802
1.827
1.852
1.858
1.886
1.927
2.018
2.063
2.154
2.223
2.223
2.231
2.232
2.209
2.182
2.212
2.190
2.318
2.365
2.358
2.321
2.306
2.304
2.317
2.317
2.230
2.233
2.217
2.160
2.184
2.181
2.216
2.211
2.251
2.338
2.320
2.328
2.335
2.335
2.332
2.350
2.455
2.477
2.506
2.491
2.464
2.502
2.500
2.522
2.503
2.518
2.499
2.525
2.539
2.626
2.643
2.634
2.547
2.477
2.380
2.373
2.381
2.397
2.479
2.521
2.507
2.496
2.536
2.522
2.522
2.486
2.458
2.434
2.500
2.494
2.466
2.375
2.394
2.395
2.441
2.457
2.474
2.439
2.472
2.449
2.437
2.540
2.497
2.515
2.515
2.557
2.499
2.481
2.507
2.518
2.518
2.508
2.492
2.507
2.473
2.493
2.481
2.518
2.528
2.551
2.522
2.507
2.468
2.438
2.522
2.538
2.572
2.566
2.465
2.427
2.427
2.423
2.423
2.430
2.431
2.465
2.464
2.491
2.481
2.445
2.445
2.442
2.372
2.374
2.365
2.314
2.354
2.311
2.319
2.330
2.363
2.316
2.360
2.411
2.340
2.324
2.324
2.324
2.262
2.262
2.263
2.290
2.284
2.286
2.286
2.281
2.281
2.284
2.260
2.295
2.289
2.277
2.462
2.525
2.504
2.504
2.519
2.608
2.574
2.549
2.554
2.560
2.595
2.602
2.612
2.627
2.616
2.626
2.633
2.633
2.623
2.629
2.632
2.615
2.611
2.505
2.505
2.394
2.339
2.313
2.316
2.305
2.308
2.291
2.256
2.245
2.229
2.215
2.286
2.277
2.272
2.297
2.305
2.308
2.281
2.307
2.318
2.276
2.255
2.227
2.217
2.202
2.170
2.079
2.081
2.100
2.081
2.081
2.068
2.081
2.068
2.068
1.959
1.907
1.907
1.907
1.926
1.966
1.956
1.993
1.985
1.976
1.968
1.955
1.965
1.961
1.938
1.930
1.883
1.793
1.793
1.759
1.750
1.738
1.743
1.690
1.647
1.607
1.668
1.675
1.692
1.652
1.665
1.753
1.762
1.760
1.793
1.723
1.727
1.653
1.640
1.615
1.615
1.696
1.676
1.676
1.643
1.633
1.612
1.577
1.568
1.619
1.732
1.696
1.772
1.757
1.834
1.825
1.764
1.770
1.819
1.804
1.804
1.803
1.757
1.722
1.696
1.697
1.693
1.707
1.707
1.604
1.564
1.552
1.569
1.494
1.509
1.509
1.472
1.461
1.455
1.504
1.526
1.545
1.627
1.659
1.644
1.628
1.618
1.592
1.591
1.591
1.588
1.609
1.510
1.506
1.525
1.495
1.593
1.622
1.605
1.589
1.573
1.590
1.583
1.549
1.540
1.497
1.497
1.517
1.517
1.529
1.537
1.504
1.511
1.546
1.514
1.519
1.570
1.545
1.511
1.501
1.457
1.442
1.467
1.523
1.541
1.531
1.536
1.550
1.559
1.562
1.576
1.568
1.605
1.612
1.580
1.567
1.629
1.567
1.578
1.535
1.365
1.325
1.325
1.361
1.342
1.302
1.339
1.388
1.418
1.386
1.350
1.357
1.364
1.349
1.328
1.361
1.348
1.408
1.380
1.316
1.366
1.409
1.386
1.386
1.386
1.398
1.436
1.422
1.427
1.488
1.492
1.520
1.556
1.606
1.603
1.482
1.401
1.370
1.369
1.347
1.355
1.348
1.389
1.358
1.299
1.379
1.389
1.389
1.345
1.270
1.240
1.244
1.166
1.108
1.196
1.204
1.205
1.203
1.183
1.183
1.149
1.141
1.138
1.138
1.121
1.055
1.086
1.059
1.068
1.089
1.154
1.167
1.181
1.197
1.190
1.230
1.301
1.314
1.304
1.338
1.342
1.353
1.360
1.361
1.329
1.335
1.266
1.250
1.227
1.247
1.261
1.144
1.148
1.150
1.115
1.105
1.096
1.115
1.125
1.146
1.146
1.065
1.069
1.081
1.154
1.157
1.160
1.160
1.151
1.092
0.930
0.977
0.901
0.865
0.831
0.831
0.826
0.858
0.806
0.806
0.806
0.793
0.838
0.880
0.920
0.921
0.990
0.991
1.015
1.049
1.079
1.085
1.077
1.082
1.102
1.110
1.182
1.198
1.229
1.201
1.227
1.254
1.155
1.105
1.119
1.115
1.201
1.200
1.301
1.350
1.370
1.341
1.348
1.333
1.281
1.286
1.191
1.206
1.301
1.359
1.376
1.346
1.370
1.391
1.407
1.475
1.492
1.473
1.473
1.553
1.565
1.565
1.577
1.636
1.644
1.644
1.608
1.627
1.646
1.697
1.700
1.686
1.661
1.613
1.605
1.547
1.551
1.538
1.528
1.492
1.478
1.483
1.512
1.529
1.564
1.606
1.542
1.548
1.551
1.547
1.572
1.537
1.535
1.499
1.513
1.474
1.435
1.383
1.302
1.336
1.366
1.384
1.377
1.405
1.512
1.507
1.512
1.452
1.485
1.513
1.465
1.429
1.468
1.453
1.451
1.439
1.432
1.434
1.420
1.407
1.392
1.397
1.378
1.396
1.434
1.435
1.420
1.448
1.450
1.527
1.523
1.508
1.467
1.488
1.508
1.453
1.453
1.483
1.534
1.534
1.541
1.531
1.531
1.568
1.470
1.462
1.509
1.499
1.499
1.510
1.571
1.637
1.687
1.766
1.830
1.808
1.799
1.810
1.810
1.806
1.751
1.757
1.733
1.709
1.710
