1.000
1.000
1.000
1.250
1.800
1.667
1.571
1.625
1.444
1.500
2.000
1.833
1.846
1.714
1.600
1.625
1.529
1.444
2.474
2.450
2.571
2.591
2.522
2.458
2.360
2.269
2.444
2.571
2.690
2.633
2.806
2.781
2.727
2.647
2.571
2.500
2.649
2.632
2.590
2.675
2.683
2.690
2.628
2.636
2.600
2.630
2.574
2.521
2.490
2.500
2.471
2.423
2.472
2.500
2.509
2.500
2.474
2.431
2.627
2.650
2.607
2.629
2.683
2.641
2.600
2.561
2.657
2.691
2.667
2.700
2.775
2.778
2.849
3.014
2.973
2.974
3.286
3.295
3.304
3.288
3.407
3.378
3.337
3.440
3.435
3.395
3.356
3.318
3.281
3.267
3.231
3.217
3.183
3.149
3.116
3.104
3.113
3.153
3.121
3.110
3.099
3.078
3.049
3.019
3.086
3.057
3.084
3.065
3.073
3.073
3.063
3.045
3.071
3.061
3.052
3.034
3.043
3.025
3.042
3.100
3.074
3.066
3.106
3.105
3.152
3.190
3.197
3.172
3.178
3.185
3.160
3.212
3.188
3.164
3.193
3.176
3.168
3.152
3.129
3.121
3.099
3.092
3.084
3.062
3.048
3.027
3.068
3.074
3.087
3.080
3.079
3.164
3.157
3.162
3.187
3.224
3.223
3.234
3.220
3.206
3.186
3.210
3.190
3.171
3.212
3.223
3.204
3.208
3.213
3.194
3.175
3.157
3.139
3.149
3.166
3.205
3.192
3.444
3.464
3.444
3.453
3.434
3.415
3.413
3.400
3.387
3.369
3.378
3.429
3.442
3.476
3.484
3.477
3.696
3.826
3.811
3.832
3.813
3.889
3.880
4.090
4.110
4.125
4.140
4.170
4.230
4.225
4.215
4.245
4.280
4.245
4.275
4.315
4.325
4.405
4.435
4.525
4.805
5.175
5.430
5.430
5.525
5.810
5.820
5.995
6.480
7.440
7.485
7.675
8.140
8.720
9.705
10.695
11.690
12.685
12.865
13.820
14.805
15.795
16.760
17.740
18.720
19.360
20.080
20.360
21.335
21.335
22.330
23.320
24.300
25.290
26.285
27.255
28.230
29.210
30.195
31.185
32.125
33.050
34.025
35.020
35.995
36.960
37.955
38.950
39.945
40.895
41.865
42.855
43.350
44.305
45.285
46.240
47.160
48.155
49.135
49.995
50.970
51.945
52.925
53.185
54.175
54.310
55.245
56.225
57.220
58.215
59.210
60.205
61.190
62.185
63.170
64.165
65.160
66.155
67.140
68.115
69.075
70.070
71.055
72.040
73.030
74.025
75.020
75.965
76.960
77.925
78.915
79.890
80.870
81.855
82.845
83.810
84.795
85.780
86.770
87.745
88.735
89.705
90.650
91.645
92.630
93.585
94.565
95.515
96.470
97.445
98.440
99.415
100.390
101.385
102.330
103.325
104.320
105.280
106.270
107.255
108.245
109.240
110.225
111.220
112.205
113.190
114.185
115.175
116.170
117.120
118.095
119.065
120.050
121.030
121.945
122.930
123.905
124.865
125.815
126.795
127.765
128.755
129.745
130.740
131.700
132.695
133.690
134.635
135.605
136.600
137.575
138.550
139.545
140.540
141.535
142.530
143.500
144.465
145.410
146.400
147.155
148.115
149.110
150.080
151.075
152.070
153.050
154.040
155.030
156.025
156.995
157.925
158.890
159.835
160.805
161.790
162.555
163.405
164.395
165.350
166.345
167.245
168.230
169.010
169.980
170.955
171.925
172.870
173.800
174.795
175.790
176.755
177.705
178.700
179.665
180.610
181.595
182.510
183.465
184.370
185.085
185.605
186.335
187.305
188.190
188.895
189.875
190.695
191.205
191.205
192.125
192.900
193.425
193.800
193.800
193.800
193.800
193.800
194.615
194.615
194.615
194.615
194.615
194.615
194.615
194.970
195.230
195.940
195.940
196.935
196.935
196.935
196.935
196.935
196.935
196.935
196.935
196.935
196.935
196.935
196.990
196.990
196.990
196.990
196.990
196.990
196.990
196.990
196.990
196.990
196.990
196.990
197.465
197.465
197.465
197.465
197.465
197.465
197.465
197.465
197.465
197.465
197.470
198.140
198.140
199.000
199.000
199.000
199.000
199.000
199.000
199.000
199.000
199.000
199.000
199.000
199.000
199.000
199.000
199.000
199.000
199.000
198.755
198.755
198.755
198.755
198.755
198.755
198.755
198.755
198.755
198.755
198.755
198.755
198.755
198.755
198.755
198.755
198.755
198.755
198.755
198.755
198.755
198.755
198.755
198.755
198.755
198.755
198.755
198.755
198.755
198.755
198.755
198.755
198.755
198.755
198.755
198.755
198.755
198.755
198.755
198.755
198.755
198.755
198.755
198.755
198.755
198.755
198.755
198.755
198.755
198.755
198.755
198.755
198.755
198.755
198.755
198.755
198.755
198.755
198.755
198.755
198.755
198.755
198.755
198.755
198.755
198.755
198.755
198.755
198.755
198.755
198.755
198.755
198.755
198.755
198.755
198.755
198.755
198.755
198.755
198.755
198.755
198.755
198.755
198.755
198.755
198.755
198.755
198.755
198.755
198.755
198.755
198.755
198.755
198.755
198.755
198.755
198.755
198.755
198.755
198.755
198.755
198.755
198.755
198.755
198.755
198.755
198.755
198.755
198.755
198.755
198.755
198.755
198.755
198.755
198.755
198.755
198.755
198.755
198.755
198.755
198.755
198.755
198.755
198.755
198.755
198.755
198.755
198.755
198.755
198.755
198.755
198.755
198.755
198.755
198.755
198.755
198.755
198.755
198.755
198.755
198.755
198.755
198.755
198.755
198.755
198.755
198.755
198.755
198.755
198.755
198.755
198.755
198.755
198.755
198.755
198.755
198.755
198.755
198.755
198.755
198.755
198.755
198.755
198.755
198.755
198.755
198.755
198.755
198.755
198.755
198.755
198.755
198.755
198.755
198.755
198.560
198.560
198.560
198.560
198.560
198.560
198.560
198.560
198.560
198.560
198.560
198.560
198.560
198.560
198.560
198.560
198.560
198.560
198.560
198.560
198.100
198.100
198.100
198.100
198.100
198.345
198.345
198.345
198.345
198.345
198.345
198.345
198.345
198.345
198.345
198.345
198.345
198.345
198.345
198.345
198.345
198.345
198.345
198.345
198.345
198.345
198.345
198.345
198.345
198.345
198.345
198.345
198.345
198.345
198.345
198.345
198.345
198.345
198.345
198.345
198.345
198.345
198.345
198.345
198.345
198.345
198.345
198.345
198.345
198.345
198.345
198.345
198.345
198.345
198.345
198.345
198.345
198.345
198.345
198.345
198.345
198.345
198.345
198.345
198.345
198.345
197.975
197.670
197.670
197.670
197.670
197.670
197.670
197.160
197.160
197.160
197.160
197.160
197.160
197.160
197.160
197.160
197.160
197.160
197.160
197.160
197.160
196.625
196.625
196.625
196.625
196.625
196.625
196.595
196.595
196.595
196.595
196.595
196.595
196.595
196.595
196.595
196.595
196.595
196.595
196.595
196.595
196.595
195.725
195.725
195.725
195.725
195.725
195.160
195.160
195.160
195.160
195.160
195.160
195.160
195.160
195.160
195.160
195.160
195.160
195.160
195.160
195.160
195.160
195.160
195.160
195.160
195.160
195.160
195.040
195.040
195.040
195.040
195.040
195.040
195.040
195.040
195.040
195.040
195.040
195.040
195.040
195.040
194.350
194.350
194.350
194.350
194.350
194.350
194.350
194.350
194.350
194.350
194.350
194.350
194.350
194.350
194.350
194.350
194.350
194.350
194.350
194.350
194.350
194.350
194.350
194.350
194.350
194.350
194.350
194.350
194.350
194.350
194.350
194.350
194.545
194.545
194.545
194.545
194.545
194.545
194.545
194.545
194.545
194.545
194.545
194.545
194.545
194.545
194.545
194.545
194.545
194.545
194.545
194.545
195.005
195.005
195.005
195.005
195.005
195.005
195.005
195.005
195.005
194.175
194.175
194.175
194.175
194.175
194.175
194.175
194.175
194.175
194.175
194.175
194.175
194.175
194.175
194.175
194.175
194.175
194.175
194.175
194.175
194.175
194.175
194.175
194.175
194.175
194.175
194.175
194.175
194.175
194.175
194.175
194.175
194.175
194.125
194.125
194.125
194.125
194.125
194.125
194.125
194.125
194.125
194.125
194.125
194.125
194.125
194.125
194.125
194.125
194.125
194.125
194.125
194.125
194.125
194.125
194.125
194.125
194.495
194.420
194.420
194.420
194.420
194.420
194.420
194.930
194.930
194.930
194.930
194.930
194.930
194.930
194.930
194.930
194.930
194.930
194.930
194.930
194.930
195.465
195.465
195.465
195.465
195.465
195.465
195.495
195.495
195.495
195.495
195.495
195.495
195.495
195.495
195.495
195.495
195.495
195.495
195.495
