69.000
69.000
80.333
61.750
56.200
54.000
46.714
42.875
40.889
37.200
35.000
36.833
34.923
32.929
31.467
29.625
29.000
28.111
26.842
28.850
28.476
28.500
27.522
27.042
28.320
30.538
29.667
28.643
27.828
27.200
26.903
26.750
26.242
25.529
25.314
24.833
24.568
24.447
24.256
23.650
23.829
25.619
25.163
25.091
24.622
24.826
24.298
23.896
23.592
23.560
23.314
22.923
22.811
22.389
22.836
22.571
22.211
22.069
21.898
22.117
21.770
21.742
21.397
21.594
21.369
21.076
20.881
21.088
21.232
20.943
21.056
20.875
20.740
20.662
20.387
20.724
20.714
20.615
20.519
20.663
20.432
20.695
20.470
20.762
20.659
21.174
20.989
21.000
21.708
22.000
22.121
22.011
21.817
22.309
22.368
22.688
22.928
23.031
22.919
22.720
22.634
22.843
23.194
23.029
23.152
23.075
23.981
23.843
23.917
23.782
24.423
24.205
24.142
24.070
24.443
24.319
24.308
24.407
24.269
24.283
24.190
24.090
23.927
23.871
23.856
23.802
23.622
23.609
23.457
23.431
23.267
23.144
23.015
22.910
22.859
22.831
22.664
22.638
22.698
22.800
23.085
22.951
23.126
23.104
22.986
22.829
22.680
22.588
22.664
22.593
22.536
22.526
22.510
22.812
22.955
22.827
22.809
22.741
22.597
22.762
23.000
23.142
23.061
22.994
22.891
23.018
23.395
23.363
23.479
23.629
23.503
23.366
23.301
23.241
23.280
23.392
23.328
23.247
23.201
23.328
23.199
23.143
23.055
23.005
22.881
22.957
22.893
22.819
22.804
22.995
22.880
22.839
22.798
22.722
22.672
22.832
22.736
22.707
22.618
22.585
22.290
22.360
21.855
21.850
21.905
21.805
21.880
21.825
21.700
21.735
21.745
21.465
21.520
21.620
21.605
21.690
21.645
21.590
21.670
21.350
21.520
21.540
21.800
21.775
21.695
21.540
21.565
21.565
21.560
21.655
21.725
21.650
21.820
21.850
21.795
21.755
21.695
21.620
21.535
21.580
21.450
20.960
21.130
21.085
21.065
21.165
21.310
21.295
21.250
21.140
21.290
21.440
21.405
21.430
21.285
21.440
21.620
21.570
21.515
21.390
21.500
21.405
21.525
21.370
21.540
21.540
21.740
21.565
21.700
21.725
22.005
22.085
22.065
22.095
22.395
22.555
22.455
22.585
22.540
22.415
22.500
22.500
22.580
22.525
22.665
22.460
22.940
22.940
22.690
22.505
22.660
22.645
22.710
22.415
22.355
22.380
22.530
22.890
22.845
22.845
22.860
22.760
22.510
22.500
22.455
22.525
21.945
22.005
21.885
21.895
21.530
21.575
21.510
21.495
21.170
21.175
21.065
20.960
20.980
20.980
20.965
21.025
21.035
21.030
20.950
20.960
21.070
21.035
21.110
21.070
21.065
21.050
21.080
21.140
21.245
21.195
21.625
21.535
21.565
21.395
21.270
21.375
21.415
21.355
21.385
21.390
21.435
21.470
21.395
21.340
21.330
21.395
21.400
21.120
20.905
20.910
21.100
21.050
21.130
21.120
21.190
20.975
21.015
20.960
21.020
20.835
20.500
20.650
20.490
20.270
20.535
20.555
20.595
20.630
20.485
20.315
20.410
20.550
20.500
20.350
20.495
20.475
20.465
20.400
20.545
20.365
20.410
20.555
20.555
20.330
20.425
20.355
20.570
20.530
20.485
20.340
20.405
20.480
20.615
20.865
20.820
20.420
20.470
20.535
20.565
20.475
20.525
20.685
20.745
20.740
20.935
21.060
21.175
21.080
21.315
21.495
21.505
21.775
21.680
21.965
21.865
22.040
21.795
21.885
21.735
21.515
21.525
21.550
21.565
21.530
21.395
21.535
21.770
21.750
22.010
22.040
22.080
22.065
22.495
22.455
22.480
22.535
22.450
22.595
22.720
22.580
22.435
22.545
22.745
23.115
22.955
22.905
22.885
22.890
22.905
22.770
22.630
22.690
22.760
22.800
22.805
22.830
22.750
22.785
22.615
22.695
22.485
22.525
22.545
22.680
22.275
22.270
22.245
22.220
21.920
21.705
21.755
21.680
21.715
21.730
21.670
21.460
21.515
21.365
21.210
21.185
20.995
20.885
20.960
20.960
20.665
20.665
20.660
20.685
20.940
20.710
20.355
19.895
19.900
19.890
19.985
19.865
19.960
19.965
19.875
19.745
19.820
19.730
19.775
19.880
19.865
19.865
19.895
19.875
19.935
19.985
19.985
19.915
20.010
19.910
19.965
19.920
19.890
19.890
20.015
20.385
20.325
20.300
20.450
20.405
20.430
20.490
20.495
20.395
20.270
20.415
20.055
20.255
20.230
20.265
20.085
19.990
19.835
19.805
19.960
20.080
20.090
20.040
20.150
20.155
20.140
20.070
20.235
20.170
20.165
20.295
20.090
20.125
20.095
20.355
20.240
20.250
20.535
20.535
20.555
20.640
20.660
20.425
20.530
20.745
20.730
20.775
20.910
20.855
20.935
21.420
21.270
21.125
21.660
21.725
21.720
21.680
21.675
21.690
21.585
21.745
21.690
21.600
21.615
21.560
21.545
21.570
21.300
21.315
21.310
21.185
21.330
21.170
21.020
20.695
20.725
20.735
20.790
20.900
20.660
20.765
20.690
20.740
20.730
20.820
20.595
20.470
20.325
20.385
20.350
20.100
20.075
19.870
19.910
19.625
19.460
19.320
19.350
19.865
20.185
20.200
20.130
20.135
20.110
20.080
20.315
20.285
19.980
20.040
19.805
19.805
19.835
19.850
19.420
19.700
19.730
19.780
19.825
19.845
19.725
19.645
19.665
19.550
19.585
19.255
19.250
19.150
19.405
19.375
19.495
19.505
19.475
19.490
19.450
19.505
19.500
19.490
19.595
19.590
19.640
19.760
19.780
19.835
19.675
19.570
19.550
19.485
19.485
19.450
19.455
19.440
19.600
19.500
19.580
19.615
19.640
19.670
19.540
19.540
19.720
19.660
19.405
19.425
19.305
19.315
19.425
19.865
19.800
19.740
19.455
19.475
19.730
19.860
19.895
20.120
20.025
20.100
20.090
20.225
20.335
20.410
20.350
20.450
20.485
20.375
20.550
20.520
20.480
20.505
20.445
20.365
20.395
20.560
20.675
20.785
20.740
21.000
21.020
20.950
20.815
20.465
20.525
20.685
20.445
20.515
20.510
20.530
20.470
20.580
20.695
20.530
20.605
20.455
20.380
20.465
20.745
20.725
20.660
20.650
20.545
20.570
20.530
20.650
20.495
20.690
20.735
20.875
20.620
20.740
20.745
20.700
20.780
20.845
20.800
20.340
20.370
20.390
20.080
20.170
20.060
20.115
20.085
20.115
20.170
20.020
19.820
19.820
19.715
19.890
19.910
19.570
20.000
20.000
19.525
19.430
19.675
19.670
19.680
19.680
19.780
19.825
20.340
20.280
20.390
20.605
20.645
20.725
21.040
21.045
21.045
21.210
21.065
21.150
21.225
21.325
21.405
21.480
21.370
21.265
21.270
21.185
21.180
21.125
21.115
21.000
20.965
21.240
21.275
21.280
21.080
21.125
21.225
21.390
21.385
21.380
21.385
21.190
21.535
20.935
20.585
20.570
20.730
20.810
20.850
20.780
20.665
20.800
20.790
20.915
20.900
20.955
20.950
20.955
21.015
20.955
20.960
21.020
20.890
21.115
21.175
21.395
21.455
21.825
21.785
21.800
21.935
22.125
21.855
21.970
21.755
21.760
21.770
21.760
21.875
21.765
21.660
21.780
21.740
21.905
21.935
21.770
21.855
21.800
21.710
21.680
22.025
22.100
22.430
22.460
22.500
22.650
22.455
22.530
22.600
23.055
23.060
23.495
23.480
23.485
23.275
23.275
23.395
23.400
23.375
23.320
23.245
22.795
23.130
23.125
23.115
23.190
22.945
22.915
22.960
22.735
22.780
22.735
22.715
22.625
22.665
22.600
22.585
22.700
22.585
22.555
22.325
22.385
22.655
22.615
22.860
22.880
23.100
22.970
22.820
22.730
22.815
22.620
22.885
23.115
23.175
23.610
23.495
23.415
23.420
23.435
23.460
23.400
23.705
23.715
23.570
23.665
23.520
23.475
23.395
23.340
23.650
23.655
23.635
23.755
23.665
23.645
23.740
23.605
23.580
23.390
23.350
23.150
23.475
23.380
23.400
23.400
23.385
23.285
23.395
23.420
23.160
23.255
23.360
23.325
23.385
23.250
23.260
23.635
23.600
23.640
23.660
23.605
23.695
23.760
23.700
23.580
23.160
23.275
23.330
23.335
23.020
23.125
23.140
23.150
23.085
23.080
22.575
22.550
22.485
22.380
22.360
22.255
22.045
22.030
22.190
22.195
22.150
22.085
22.030
21.995
21.885
21.950
22.070
22.155
22.165
22.120
22.350
22.200
22.310
22.340
22.370
22.105
21.985
21.895
22.015
21.970
21.880
21.655
21.715
21.715
21.785
21.780
21.455
21.445
21.430
21.425
21.330
21.285
21.550
21.555
21.450
21.180
21.125
21.095
21.115
21.110
21.220
21.620
21.610
21.530
21.515
21.670
21.735
21.285
21.235
20.995
21.160
20.855
20.810
20.805
20.695
20.560
20.740
20.770
21.070
21.050
21.025
21.120
21.050
21.130
21.170
21.055
21.105
21.085
21.110
21.180
21.080
21.105
21.070
21.215
20.890
20.910
20.670
20.620
20.640
20.350
20.390
20.365
20.200
19.725
19.710
19.280
19.375
19.875
19.925
20.230
20.085
20.085
20.090
20.130
20.195
20.360
20.040
20.115
20.315
20.405
20.630
20.510
20.465
20.515
20.390
20.535
20.430
20.545
20.510
20.555
20.605
20.395
20.390
20.385
20.710
20.690
20.440
20.435
20.205
20.235
19.980
20.085
20.075
20.055
20.055
19.975
19.800
19.570
19.620
19.095
19.125
19.095
19.095
19.300
19.250
19.255
18.975
18.935
18.970
18.850
18.855
18.845
18.840
18.865
18.275
18.295
18.270
18.170
18.155
18.055
18.150
18.185
18.830
18.865
18.815
18.985
18.835
18.910
18.890
19.030
18.925
18.980
18.955
19.010
19.430
19.525
19.365
19.360
19.365
19.470
19.595
19.205
19.025
18.905
18.825
18.885
18.725
18.575
19.035
19.015
19.290
19.165
19.100
19.180
19.130
19.050
19.030
19.020
19.115
19.030
18.995
19.245
19.300
19.370
19.450
19.450
19.605
19.635
19.670
19.605
20.040
20.045
20.065
20.340
20.415
20.335
20.215
20.060
20.120
20.150
19.960
20.040
19.890
20.015
20.125
20.565
20.810
20.825
20.810
20.845
20.800
20.975
20.940
20.960
20.940
20.940
20.850
20.835
21.035
21.000
21.025
21.400
21.090
21.320
21.295
21.405
21.330
21.195
21.175
21.095
20.930
20.500
20.590
20.615
20.595
20.280
20.525
20.720
20.765
20.800
20.680
20.720
20.585
20.625
20.580
20.725
20.580
20.490
20.195
20.185
20.255
20.125
20.080
19.970
20.110
20.290
20.195
20.070
19.980
19.865
19.985
20.065
20.310
20.305
20.305
20.180
20.105
20.215
20.190
20.300
20.505
20.460
20.540
20.490
20.525
20.505
20.415
20.000
20.010
19.670
19.825
19.830
19.840
19.920
19.820
19.765
19.875
20.020
19.820
19.660
19.595
19.660
19.615
19.650
19.860
19.690
20.000
19.890
19.915
19.875
19.815
19.805
20.050
20.130
19.895
19.840
19.860
20.270
20.315
20.335
20.345
20.230
20.175
20.145
20.250
20.225
20.360
20.640
20.555
20.585
20.560
20.635
20.940
20.720
20.915
20.960
21.030
20.950
20.990
21.260
21.320
21.330
21.445
21.375
21.425
21.545
21.560
21.540
21.575
21.545
21.360
21.500
20.875
20.840
20.870
20.705
20.545
20.505
20.505
20.460
20.555
20.490
20.585
20.495
20.170
19.955
20.110
20.075
20.115
20.020
19.875
20.060
20.235
20.345
20.435
20.665
20.640
20.565
20.110
20.065
19.980
19.985
19.960
20.065
20.205
20.545
20.680
20.790
20.650
20.570
20.560
20.440
20.250
20.335
20.220
20.370
20.135
20.145
20.135
20.260
19.805
19.830
19.840
19.640
19.575
19.570
19.785
19.765
19.680
19.745
19.720
19.640
19.870
19.740
19.630
19.285
19.050
19.065
19.165
19.160
19.195
19.200
19.140
19.110
19.065
19.085
19.205
19.175
18.960
18.955
19.310
19.075
19.095
19.050
19.220
19.165
19.205
19.275
19.260
19.525
19.530
19.575
19.585
19.430
19.535
19.570
19.405
19.335
19.320
19.425
19.305
19.420
19.415
19.395
19.440
19.280
19.325
19.290
19.435
19.475
19.570
19.595
19.565
19.710
19.640
19.460
19.615
19.665
19.635
19.645
19.505
19.550
19.350
19.235
19.295
19.355
19.380
19.270
19.255
19.130
18.970
18.975
18.905
18.960
18.875
19.135
19.180
19.270
19.245
19.375
19.225
19.245
19.240
19.120
19.110
18.985
18.960
18.735
18.705
19.005
18.820
18.740
18.820
19.250
19.040
19.160
18.855
18.920
18.760
18.815
18.835
18.825
18.605
18.545
18.425
18.510
18.580
18.235
18.210
18.120
18.140
18.200
18.475
18.480
18.230
18.315
18.260
17.970
18.260
18.415
18.415
18.275
17.975
17.960
17.785
17.750
17.650
17.765
17.970
17.745
17.870
18.080
18.105
18.190
18.355
18.260
18.320
18.345
18.325
18.390
18.480
18.310
18.315
18.300
18.270
18.395
18.660
19.010
19.030
18.955
18.820
18.840
18.875
18.860
18.745
19.065
19.030
19.050
19.140
19.130
19.160
19.050
18.875
18.760
18.820
18.545
18.510
18.625
18.665
18.830
18.645
18.700
18.700
18.660
18.690
18.330
18.270
18.185
18.235
18.385
18.495
18.410
18.475
18.265
18.225
18.075
18.105
18.070
17.870
17.695
17.775
17.845
17.835
17.720
17.770
17.700
17.505
17.550
17.685
17.600
17.910
17.935
17.720
17.905
17.895
18.040
18.180
18.210
18.005
17.970
17.945
17.785
17.825
17.920
18.195
18.255
18.145
18.380
18.830
18.830
18.420
18.265
18.280
18.195
18.090
18.125
18.080
18.065
18.225
17.985
18.065
18.240
18.490
18.525
18.425
18.560
18.530
18.415
18.435
18.720
18.875
18.930
19.015
18.945
18.940
19.375
19.325
19.415
19.290
19.355
19.440
19.380
19.640
19.545
19.465
19.490
19.345
19.250
19.330
19.365
19.375
19.200
19.200
19.185
19.185
19.105
19.055
19.055
19.075
19.170
19.175
19.190
19.205
19.305
19.390
19.115
19.245
19.060
19.075
18.965
18.995
18.955
18.950
19.255
19.350
19.385
19.575
19.635
19.750
19.575
19.570
19.570
19.505
18.985
19.035
18.970
18.985
18.845
18.845
18.815
18.805
18.985
19.020
19.060
19.150
19.160
19.095
19.025
18.980
19.040
19.045
18.980
18.755
18.850
18.850
18.795
18.700
18.760
18.450
18.310
18.515
18.490
18.485
18.430
18.460
18.610
18.690
18.850
18.545
18.535
18.430
18.305
18.315
18.200
17.980
18.230
18.155
18.390
18.370
18.425
18.345
18.420
18.485
18.490
18.600
18.560
18.270
17.975
17.995
18.095
18.135
18.190
18.065
18.095
18.145
17.815
17.715
17.700
17.550
17.575
17.470
17.500
17.500
17.570
17.540
17.600
17.660
17.495
17.560
17.540
17.720
17.645
17.965
17.785
17.625
17.630
17.690
17.660
17.670
17.580
17.515
17.470
17.575
17.550
17.560
17.645
17.685
17.875
17.910
18.140
18.355
18.330
18.500
18.480
18.660
18.710
18.720
18.725
18.785
18.795
18.460
18.470
18.505
18.320
18.335
18.120
18.035
18.100
18.145
18.285
18.315
18.355
18.450
18.405
18.140
18.225
18.215
18.010
17.585
17.585
17.565
17.530
17.585
17.475
17.495
17.395
17.515
17.445
17.415
17.455
17.365
17.410
17.225
17.230
17.215
17.050
17.065
17.210
17.255
16.860
16.900
16.705
16.625
16.645
16.780
16.315
16.320
16.690
16.955
16.905
16.660
16.645
16.430
16.455
16.415
16.385
16.415
16.510
16.460
16.705
16.705
16.740
16.760
16.815
16.760
16.960
17.065
17.090
17.075
16.985
17.200
17.205
17.280
17.145
17.060
17.255
17.120
17.135
17.210
17.360
17.320
17.565
17.460
17.175
17.180
17.255
17.145
17.100
17.090
17.140
17.385
17.395
17.495
17.655
17.600
17.545
17.595
17.830
18.030
18.250
18.355
18.225
18.345
18.280
18.450
18.505
18.630
18.735
18.740
18.740
18.795
19.230
19.470
19.470
19.470
19.485
19.545
19.485
19.575
19.805
19.610
19.610
19.675
19.935
19.920
20.075
20.035
19.880
19.885
19.880
19.895
20.005
20.010
20.040
20.675
20.425
20.450
20.245
20.260
20.160
20.400
20.450
20.500
20.495
20.655
20.550
20.650
20.665
20.620
20.395
20.450
20.600
20.680
20.645
20.595
20.725
20.800
20.815
21.025
21.035
21.035
20.935
20.950
21.010
20.915
20.890
20.890
20.945
20.795
20.800
20.620
20.670
20.420
20.565
20.770
20.955
20.860
20.855
20.875
20.965
20.995
21.110
21.400
21.445
21.415
21.390
21.430
21.340
21.370
21.110
20.870
20.885
21.135
21.625
21.390
21.355
21.335
21.290
21.130
21.175
21.145
21.150
21.215
21.165
21.280
21.375
21.310
21.180
21.335
21.240
21.250
21.230
21.100
21.165
21.175
21.470
21.470
21.460
21.435
21.435
21.425
21.450
21.395
21.470
21.590
21.725
21.855
21.900
21.855
21.820
22.090
21.925
21.790
21.930
21.895
21.900
22.145
22.095
22.125
22.145
22.085
22.035
22.090
22.230
22.055
22.055
22.035
21.775
21.515
21.505
21.570
21.580
21.615
21.550
21.575
21.600
21.565
21.480
21.665
21.510
21.535
21.580
21.520
21.445
21.425
21.285
21.285
21.335
21.470
21.720
21.755
21.740
21.690
21.895
21.935
21.755
21.760
21.735
21.615
21.465
21.500
21.485
21.515
21.585
21.500
21.465
21.285
21.390
21.410
21.190
21.015
21.175
21.195
21.585
21.905
21.940
21.865
21.635
21.480
21.390
21.370
21.390
21.320
21.420
21.160
21.260
21.460
21.570
21.570
21.530
21.555
21.595
21.250
21.170
21.265
21.315
21.210
21.300
21.370
21.115
21.105
21.330
21.680
21.445
21.510
21.180
21.680
21.680
22.180
22.225
22.160
21.975
21.825
21.985
21.425
21.440
21.540
21.495
21.540
21.790
21.615
21.600
21.720
21.740
21.615
21.915
21.955
21.850
21.915
21.920
21.830
21.685
21.540
21.700
21.700
21.570
21.545
21.705
21.755
21.790
21.865
21.915
21.910
21.780
21.890
22.270
22.685
22.685
22.760
22.655
22.805
22.945
23.000
22.970
22.780
22.610
22.745
22.795
22.830
22.655
22.735
22.730
22.385
22.580
22.595
22.650
22.515
22.435
22.470
22.465
22.405
22.300
21.895
21.420
21.430
21.450
21.450
21.470
21.500
21.550
21.615
21.575
21.580
21.650
21.500
21.460
21.515
21.810
21.630
21.575
21.715
21.735
21.865
21.920
21.880
21.445
21.460
21.445
21.510
21.590
21.590
21.550
21.545
21.515
21.395
21.280
21.150
21.165
21.130
21.105
20.930
20.850
20.830
20.705
20.895
20.885
20.910
21.035
21.020
20.960
20.880
20.850
20.870
21.025
21.060
21.040
21.245
21.165
21.160
21.135
21.060
21.125
21.215
21.210
21.225
21.195
21.220
21.195
21.065
21.160
21.320
21.235
21.230
21.260
21.315
21.340
21.245
21.190
21.040
20.785
20.620
20.765
20.710
20.740
20.755
20.795
20.795
20.905
21.050
21.035
20.990
20.800
20.820
20.735
20.860
20.810
21.085
21.265
21.180
21.345
21.535
21.435
21.375
20.910
20.730
20.730
20.745
20.885
20.825
20.680
21.005
20.970
20.870
20.830
20.830
20.665
20.510
20.300
20.365
20.395
20.360
19.980
20.010
20.010
20.200
20.265
20.435
20.375
20.225
20.265
20.270
20.110
19.810
19.990
19.975
20.015
19.490
19.370
18.985
19.045
19.190
19.190
19.240
19.150
19.590
19.745
19.625
19.620
19.785
19.675
19.585
19.585
19.775
19.835
19.735
19.465
19.345
19.340
19.765
19.890
20.085
20.110
20.160
20.045
20.255
20.270
20.560
20.370
20.170
20.130
20.095
20.230
20.300
20.395
20.335
19.985
19.520
19.720
19.790
19.770
19.610
19.450
19.405
19.310
19.310
19.340
19.295
19.440
19.375
19.370
19.290
19.260
19.125
18.895
19.025
19.100
19.305
19.535
19.600
19.685
19.685
19.745
19.825
19.845
19.845
19.965
20.210
20.180
20.155
20.385
20.305
20.535
20.430
20.390
20.465
20.370
20.400
20.205
20.510
20.500
20.370
20.770
20.915
20.755
20.770
20.805
20.830
20.850
20.825
20.835
20.850
20.860
20.835
20.835
21.115
21.110
20.990
20.970
20.890
21.005
20.915
20.990
21.085
21.075
20.960
21.140
20.715
20.480
20.355
20.390
20.525
20.740
20.690
20.410
20.410
20.710
20.510
20.375
20.450
20.545
20.550
20.475
20.490
20.560
20.545
20.750
20.690
20.720
20.660
20.515
20.500
20.895
20.875
20.940
20.930
20.870
20.885
21.020
21.290
21.310
21.135
21.140
21.335
21.080
21.195
21.290
21.260
21.285
21.130
21.235
21.275
21.295
21.330
21.405
21.285
21.380
21.255
20.995
21.060
20.870
20.695
20.810
20.800
20.965
20.940
20.955
20.950
20.845
20.900
20.865
20.455
20.425
20.440
20.385
20.375
20.320
20.105
20.145
20.135
20.120
20.080
20.085
20.230
20.215
19.975
19.780
19.685
19.745
19.770
19.980
19.985
19.925
19.830
19.690
19.725
19.665
19.710
19.755
19.630
19.505
19.395
19.430
19.405
19.320
18.955
19.030
19.100
19.130
18.915
18.755
18.855
18.935
18.490
18.540
18.545
18.490
18.690
18.840
18.360
18.275
18.070
17.980
17.945
17.895
17.720
17.705
17.345
17.640
17.535
17.520
17.610
17.430
17.425
17.345
17.345
17.325
17.530
17.290
17.170
17.375
17.365
17.375
17.285
17.255
17.270
17.285
17.170
17.105
17.070
17.210
17.145
17.060
17.085
17.170
17.025
17.275
17.150
16.945
17.210
17.105
17.215
17.155
17.330
17.305
17.385
17.740
17.485
17.520
17.745
17.425
17.470
17.245
17.260
17.320
17.250
17.635
17.580
17.505
17.145
17.205
17.165
16.825
16.600
16.850
16.885
16.895
16.890
16.920
16.940
17.000
17.070
17.145
17.205
17.465
17.425
17.640
17.905
17.930
18.225
18.160
18.285
18.230
18.225
18.255
18.215
18.040
18.215
18.220
18.280
18.260
18.105
18.035
18.010
17.985
18.045
17.750
17.715
17.725
17.685
17.695
17.830
17.840
17.660
17.625
17.720
17.530
17.540
17.515
17.865
17.920
17.755
17.370
17.425
17.320
17.340
17.370
17.575
17.425
17.460
17.720
17.725
17.545
17.355
17.515
17.390
17.260
17.495
17.385
17.420
17.515
17.550
17.485
17.915
18.110
18.125
18.100
18.045
18.010
18.035
18.035
18.095
17.905
18.320
18.145
18.110
18.280
18.330
18.505
18.750
18.885
19.355
19.405
19.725
19.910
20.145
20.165
20.190
20.230
20.235
20.220
20.245
20.215
20.050
20.065
20.150
20.265
20.155
20.215
20.285
20.125
20.215
20.340
20.330
20.575
20.645
20.800
20.775
20.745
20.750
20.770
20.735
20.775
20.870
20.910
20.865
20.565
20.565
20.535
20.605
20.680
20.590
20.580
20.635
20.610
20.760
20.830
20.830
20.745
20.825
20.795
20.815
20.845
20.915
20.950
21.135
21.460
21.505
21.215
21.330
21.400
21.365
21.335
21.350
21.620
21.595
21.670
21.500
22.010
22.225
22.235
22.585
22.560
22.540
22.690
22.650
22.615
22.845
23.120
23.170
23.090
23.310
23.410
23.435
23.495
23.810
23.430
23.425
23.495
23.065
23.115
23.175
23.170
22.970
23.185
23.165
22.905
23.260
23.240
23.025
23.490
23.580
23.670
23.640
23.595
23.645
23.390
23.395
23.540
23.545
23.545
23.860
23.750
23.820
23.565
23.550
23.500
23.485
23.445
23.560
23.420
23.625
23.615
23.655
23.575
23.240
23.025
22.765
22.725
22.475
22.420
22.425
22.580
22.505
22.490
22.720
22.750
22.570
22.620
22.560
22.670
22.925
22.830
22.825
22.825
22.730
22.845
22.885
22.915
22.975
22.890
22.755
22.800
22.850
23.035
22.955
23.065
23.080
23.085
22.770
22.635
22.625
22.605
22.610
22.775
22.830
22.900
22.770
22.750
22.435
22.190
22.210
22.210
22.275
22.270
22.690
22.715
22.470
22.450
22.445
22.320
22.395
22.490
21.990
21.930
22.070
22.320
22.270
22.495
22.405
22.405
22.325
22.335
21.890
21.845
21.775
21.570
21.595
21.390
21.235
21.160
20.900
20.905
20.970
20.840
20.655
20.640
20.625
20.565
20.510
20.505
20.440
20.350
20.360
20.380
20.330
20.540
20.955
20.865
20.760
20.880
20.890
21.015
21.190
21.035
21.230
21.125
21.125
21.105
21.155
21.220
21.190
21.295
21.230
21.175
21.220
21.370
21.410
21.475
21.445
21.490
21.615
21.430
21.430
21.330
21.225
21.170
20.950
20.875
20.810
20.880
21.005
21.470
21.435
21.415
21.285
21.230
21.385
21.400
21.310
21.190
21.125
21.230
21.270
21.080
21.160
21.100
21.240
20.890
20.680
20.490
20.280
20.290
20.270
20.110
20.090
20.110
19.850
19.455
19.380
19.440
19.210
19.130
19.075
18.875
18.780
19.070
19.025
18.950
19.035
19.140
19.045
19.140
19.030
18.800
