-1.100
2.950
2.233
1.300
0.860
0.633
1.057
0.837
1.222
0.950
0.955
0.917
0.808
0.700
0.693
1.012
0.982
0.961
1.021
0.895
0.848
0.786
0.748
0.671
0.672
0.612
0.552
0.496
0.483
0.480
0.468
0.500
0.473
0.432
0.394
0.628
0.786
0.742
0.700
0.780
0.810
0.774
0.733
0.689
0.660
0.674
0.649
0.652
0.610
0.574
0.555
0.525
0.523
0.556
0.618
0.602
0.568
0.553
0.575
0.542
0.534
0.506
0.525
0.536
0.562
0.697
0.667
0.651
0.662
0.694
0.717
0.690
0.723
0.693
0.692
0.671
0.643
0.681
0.653
0.647
0.627
0.626
0.616
0.596
0.582
0.565
0.549
0.564
0.549
0.534
0.565
0.687
0.689
0.677
0.698
0.706
0.691
0.676
0.687
0.673
0.651
0.625
0.659
0.663
0.643
0.642
0.650
0.637
0.664
0.652
0.632
0.618
0.629
0.621
0.599
0.599
0.585
0.572
0.559
0.542
0.536
0.524
0.543
0.534
0.542
0.565
0.551
0.552
0.544
0.532
0.537
0.523
0.517
0.584
0.573
0.572
0.561
0.550
0.545
0.530
0.525
0.551
0.544
0.540
0.534
0.524
0.510
0.500
0.522
0.513
0.522
0.513
0.507
0.495
0.485
0.486
0.476
0.467
0.474
0.468
0.468
0.462
0.467
0.457
0.447
0.432
0.420
0.417
0.408
0.403
0.395
0.392
0.389
0.384
0.425
0.417
0.445
0.446
0.440
0.441
0.445
0.446
0.438
0.433
0.423
0.415
0.411
0.408
0.402
0.408
0.422
0.422
0.416
0.452
0.443
0.434
0.444
0.447
0.445
0.439
0.449
0.409
0.400
0.414
0.429
0.442
0.423
0.428
0.423
0.448
0.438
0.437
0.441
0.443
0.450
0.422
0.414
0.404
0.408
0.414
0.428
0.428
0.455
0.484
0.482
0.487
0.493
0.502
0.494
0.497
0.492
0.510
0.512
0.525
0.557
0.507
0.477
0.493
0.495
0.478
0.464
0.467
0.470
0.470
0.473
0.467
0.463
0.468
0.493
0.508
0.524
0.524
0.532
0.515
0.494
0.488
0.490
0.523
0.562
0.564
0.574
0.574
0.599
0.591
0.578
0.539
0.538
0.554
0.575
0.556
0.548
0.547
0.541
0.553
0.565
0.590
0.593
0.570
0.592
0.597
0.604
0.595
0.594
0.599
0.615
0.614
0.617
0.611
0.636
0.634
0.613
0.558
0.549
0.552
0.533
0.527
0.557
0.577
0.605
0.603
0.611
0.636
0.613
0.604
0.607
0.620
0.625
0.630
0.607
0.657
0.687
0.686
0.672
0.682
0.701
0.694
0.730
0.749
0.761
0.774
0.769
0.812
0.792
0.792
0.785
0.812
0.835
0.874
0.891
0.896
0.911
0.947
0.960
0.917
0.922
0.917
0.958
0.961
0.956
0.989
1.007
0.992
0.987
0.985
0.999
0.997
1.008
1.022
1.001
1.064
1.053
1.054
1.056
1.059
1.066
1.058
1.069
1.074
1.062
1.060
1.051
1.049
1.038
1.040
1.046
1.050
1.057
1.071
1.067
1.075
1.074
1.093
1.095
1.091
1.048
1.048
1.027
1.028
1.025
1.016
1.003
1.037
1.041
1.041
1.057
1.068
1.063
1.069
1.063
1.050
1.030
1.027
1.032
0.990
0.995
1.006
1.009
0.998
0.998
1.004
1.030
1.032
1.050
1.046
1.035
1.033
1.027
1.025
1.006
1.011
1.013
1.053
1.066
1.069
1.074
1.069
1.090
1.153
1.138
1.138
1.137
1.158
1.128
1.115
1.108
1.143
1.157
1.167
1.190
1.190
1.192
1.168
1.209
1.196
1.183
1.204
1.195
1.197
1.205
1.201
1.207
1.214
1.217
1.221
1.310
1.308
1.313
1.301
1.286
1.271
1.253
1.261
1.243
1.263
1.283
1.289
1.315
1.314
1.281
1.291
1.274
1.286
1.258
1.253
1.257
1.270
1.289
1.300
1.269
1.295
1.293
1.296
1.305
1.336
1.321
1.298
1.296
1.294
1.282
1.295
1.311
1.346
1.348
1.361
1.353
1.351
1.367
1.357
1.351
1.383
1.382
1.374
1.382
1.378
1.377
1.379
1.362
1.366
1.324
1.335
1.349
1.331
1.329
1.339
1.341
1.340
1.359
1.353
1.354
1.317
1.300
1.307
1.344
1.350
1.335
1.347
1.312
1.292
1.280
1.284
1.284
1.251
1.259
1.270
1.263
1.242
1.232
1.197
1.213
1.211
1.191
1.184
1.174
1.166
1.160
1.164
1.127
1.141
1.149
1.117
1.110
1.101
1.101
1.108
1.090
1.091
1.122
1.105
1.124
1.087
1.102
1.104
1.098
1.095
1.102
1.164
1.173
1.167
1.171
1.189
1.198
1.216
1.221
1.239
1.232
1.243
1.239
1.222
1.248
1.276
1.289
1.263
1.266
1.290
1.290
1.295
1.282
1.273
1.278
1.278
1.284
1.257
1.279
1.300
1.319
1.337
1.337
1.387
1.419
1.421
1.429
1.423
1.429
1.436
1.431
1.447
1.433
1.438
1.443
1.437
1.424
1.426
1.428
1.431
1.434
1.439
1.453
1.456
1.466
1.438
1.451
1.421
1.412
1.408
1.410
1.425
1.450
1.395
1.385
1.379
1.380
1.384
1.386
1.379
1.401
1.359
1.367
1.369
1.368
1.373
1.383
1.391
1.343
1.346
1.331
1.311
1.318
1.302
1.292
1.290
1.294
1.291
1.292
1.289
1.191
1.201
1.227
1.233
1.224
1.235
1.258
1.250
1.269
1.252
1.229
1.224
1.241
1.205
1.183
1.171
1.194
1.185
1.174
1.183
1.178
1.154
1.137
1.107
1.105
1.090
1.086
1.085
1.067
1.033
1.033
1.030
1.029
1.035
1.049
1.032
1.010
1.000
0.994
0.980
0.969
0.985
1.022
1.051
1.046
1.018
1.060
1.058
1.055
1.110
1.126
1.119
1.107
1.092
1.096
1.085
1.065
1.075
1.127
1.123
1.134
1.128
1.110
1.111
1.146
1.130
1.118
1.109
1.071
1.073
1.072
1.057
1.061
1.073
1.129
1.112
1.116
1.106
1.128
1.119
1.123
1.103
1.100
1.109
1.080
1.075
1.079
1.145
1.137
1.159
1.185
1.180
1.219
1.200
1.191
1.207
1.180
1.216
1.226
1.236
1.238
1.248
1.292
1.332
1.313
1.303
1.334
1.337
1.371
1.428
1.428
1.374
1.353
1.362
1.356
1.342
1.368
1.348
1.345
1.323
1.325
1.313
1.341
1.339
1.323
1.281
1.292
1.298
1.302
1.276
1.283
1.288
1.319
1.340
1.337
1.335
1.340
1.334
1.382
1.370
1.342
1.319
1.327
1.268
1.299
1.296
1.287
1.288
1.280
1.274
1.289
1.276
1.323
1.316
1.309
1.338
1.331
1.327
1.330
1.317
1.321
1.319
1.305
1.302
1.302
1.310
1.295
1.296
1.285
1.280
1.285
1.308
1.265
1.257
1.293
1.300
1.277
1.250
1.265
1.272
1.252
1.251
1.224
1.251
1.262
1.258
1.245
1.239
1.237
1.243
1.240
1.244
1.253
1.281
1.279
1.278
1.281
1.272
1.266
1.265
1.283
1.282
1.259
1.298
1.322
1.310
1.284
1.308
1.326
1.342
1.341
1.355
1.332
1.344
1.360
1.369
1.349
1.348
1.366
1.361
1.360
1.361
1.400
1.459
1.466
1.469
1.464
1.465
1.467
1.480
1.511
1.528
1.549
1.565
1.593
1.600
1.608
1.593
1.596
1.593
1.604
1.603
1.612
1.682
1.706
1.703
1.691
1.760
1.759
1.700
1.687
1.689
1.696
1.686
1.692
1.717
1.732
1.715
1.662
1.670
1.756
1.737
1.718
1.715
1.677
1.685
1.701
1.732
1.750
1.740
1.743
1.762
1.759
1.800
1.752
1.769
1.826
1.851
1.849
1.861
1.862
1.854
1.858
1.842
1.845
1.845
1.850
1.823
1.828
1.809
1.793
1.793
1.784
1.792
1.815
1.801
1.818
1.777
1.816
1.796
1.821
1.811
1.728
1.698
1.695
1.677
1.634
1.627
1.637
1.607
1.592
1.615
1.624
1.614
1.619
1.615
1.596
1.626
1.624
1.638
1.673
1.674
1.698
1.696
1.692
1.695
1.693
1.706
1.698
1.698
1.701
1.694
1.664
1.737
1.736
1.743
1.740
1.741
1.666
1.742
1.740
1.753
1.744
1.741
1.723
1.729
1.742
1.775
1.779
1.779
1.833
1.821
1.768
1.774
1.789
1.778
1.794
1.797
1.822
1.824
1.853
1.839
1.862
1.857
1.874
1.873
1.873
1.866
1.953
2.004
1.981
1.939
1.935
1.941
1.907
1.915
1.969
1.982
1.967
1.953
1.954
1.966
2.061
2.016
1.986
2.003
2.011
2.014
2.018
2.019
2.017
2.008
2.011
1.982
1.984
2.026
2.013
2.010
2.019
2.020
2.012
2.030
2.036
2.018
1.998
2.101
2.138
2.114
2.080
2.065
2.080
2.069
2.147
2.164
2.172
2.174
2.177
2.195
2.177
2.182
2.198
2.192
2.187
2.136
2.127
2.103
2.108
2.107
2.131
2.110
2.084
2.067
2.110
2.100
2.114
2.128
2.121
2.125
2.156
2.160
2.163
2.163
2.104
2.005
1.979
1.997
1.991
1.953
1.957
2.012
2.023
2.031
2.033
2.030
2.030
2.010
2.021
2.087
2.108
2.118
2.055
2.058
2.073
2.092
2.104
2.107
2.107
2.081
2.063
2.052
2.147
2.128
2.189
2.155
2.152
2.151
2.106
2.091
2.073
2.054
2.140
2.192
2.212
2.206
2.205
2.241
2.250
2.189
2.179
2.188
2.182
2.181
2.201
2.197
2.182
2.179
2.180
2.194
2.168
2.177
2.168
2.187
2.205
2.215
2.227
2.237
2.251
2.267
2.251
2.241
2.254
2.240
2.259
2.284
2.271
2.277
2.264
2.244
2.243
2.265
2.264
2.321
2.268
2.270
2.268
2.319
2.296
2.324
2.326
2.357
2.400
2.442
2.452
2.357
2.379
2.402
2.428
2.432
2.446
2.414
2.445
2.426
2.428
2.430
2.419
2.435
2.430
2.441
2.431
2.431
2.373
2.374
2.394
2.452
2.433
2.409
2.382
2.380
2.364
2.377
2.342
2.340
2.320
2.348
2.327
2.321
2.335
2.361
2.274
2.222
2.220
2.221
2.236
2.233
2.259
2.282
2.233
2.252
2.252
2.249
2.247
2.244
2.154
2.157
2.165
2.169
2.161
2.159
2.161
2.174
2.208
2.209
2.200
2.202
2.203
2.158
2.178
2.182
2.189
2.240
2.254
2.245
2.266
2.242
2.248
2.164
2.142
2.155
2.183
2.178
2.163
2.173
2.084
2.140
2.134
2.150
2.146
2.160
2.161
2.163
2.151
2.205
2.179
2.181
2.204
2.252
2.250
2.286
2.258
2.264
2.283
2.282
2.234
2.255
2.199
2.179
2.188
2.188
2.162
2.176
2.203
2.202
2.191
2.193
2.178
2.244
2.225
2.194
2.225
2.191
2.178
2.167
2.167
2.179
2.166
2.188
2.164
2.108
2.100
2.075
2.045
2.035
2.018
2.012
2.012
1.999
2.035
2.042
2.062
2.062
1.978
1.976
1.939
1.941
1.942
1.942
1.926
1.914
1.912
1.958
1.867
1.820
1.794
1.795
1.801
1.784
1.811
1.809
1.816
1.834
1.853
1.884
1.844
1.840
1.836
1.853
1.847
1.840
1.837
1.854
1.859
1.845
1.826
1.810
1.808
1.810
1.803
1.786
1.759
1.757
1.757
1.742
1.731
1.734
1.763
1.774
1.774
1.798
1.802
1.772
1.736
1.688
1.689
1.720
1.741
1.763
1.779
1.738
1.731
1.748
1.702
1.739
1.818
1.831
1.839
1.816
1.787
1.791
1.789
1.767
1.751
1.827
1.898
1.900
1.917
1.904
1.957
1.930
1.965
1.974
2.034
2.058
2.019
1.982
2.077
2.087
2.105
2.104
2.117
2.114
2.117
2.130
2.156
2.134
2.126
2.137
2.174
2.136
2.200
2.207
2.223
2.221
2.211
2.215
2.199
2.177
2.196
2.213
2.223
2.232
2.236
2.287
2.296
2.296
2.319
2.347
2.348
2.385
2.397
2.377
2.351
2.389
2.391
2.387
2.393
2.417
2.442
2.443
2.432
2.391
2.386
2.380
2.353
2.349
2.350
2.345
2.331
2.339
2.338
2.340
2.343
2.332
2.389
2.306
2.300
2.278
2.286
2.267
2.265
2.257
2.252
2.254
2.244
2.263
2.263
2.227
2.244
2.303
2.386
2.379
2.381
2.381
2.365
2.372
2.366
2.452
2.455
2.441
2.444
2.442
2.401
2.390
2.416
2.424
2.484
2.453
2.454
2.477
2.452
2.440
2.494
2.500
2.492
2.481
2.507
2.483
2.490
2.486
2.530
2.584
2.587
2.683
2.689
2.677
2.682
2.683
2.655
2.667
2.743
2.741
2.759
2.763
2.831
2.830
2.826
2.820
2.820
2.833
2.842
2.803
2.806
2.814
2.811
2.810
2.847
2.849
2.799
2.844
2.868
2.840
2.815
2.782
2.767
2.774
2.774
2.759
2.795
2.824
2.842
2.819
2.799
2.807
2.841
2.843
2.833
2.857
2.866
2.864
2.865
2.903
2.904
2.934
2.914
2.896
2.915
2.896
2.890
2.889
2.884
2.912
2.928
2.941
2.943
2.915
2.915
2.879
2.911
2.933
2.991
2.966
3.015
2.944
2.867
2.852
2.828
2.835
2.844
2.856
2.882
2.872
2.855
2.791
2.724
2.753
2.705
2.720
2.694
2.679
2.648
2.641
2.579
2.564
2.621
2.599
2.514
2.531
2.509
2.519
2.504
2.520
2.508
2.532
2.550
2.545
2.545
2.534
2.485
2.489
2.471
2.479
2.458
2.475
2.504
2.499
2.494
2.487
2.485
2.435
2.425
2.429
2.426
2.373
2.358
2.361
2.327
2.281
2.288
2.338
2.324
2.334
2.324
2.299
2.299
2.300
2.312
2.306
2.279
2.304
2.325
2.362
2.375
2.367
2.372
2.370
2.369
2.358
2.358
2.347
2.324
2.322
2.341
2.338
2.272
2.284
2.274
2.272
2.267
2.258
2.261
2.271
2.281
2.235
2.248
2.232
2.238
2.287
2.278
2.244
2.156
2.159
2.128
2.128
2.140
2.108
2.113
2.030
2.017
2.018
2.032
2.023
2.023
2.096
2.074
2.100
2.050
2.005
2.015
2.011
2.035
2.050
2.004
2.095
2.096
2.127
2.138
2.136
2.122
2.145
2.084
2.030
2.050
2.016
2.032
2.036
2.020
2.049
2.058
2.038
1.962
2.031
1.997
2.005
1.914
1.891
1.902
1.906
1.928
1.916
1.895
1.894
1.893
1.885
1.958
1.987
1.936
1.930
1.934
1.915
1.894
1.891
1.932
1.934
1.935
1.937
1.935
1.943
1.914
1.885
1.852
1.847
1.843
1.858
1.842
1.848
1.869
1.832
1.837
1.836
1.838
1.820
1.807
1.781
1.806
1.799
1.760
1.772
1.779
1.749
1.771
1.738
1.737
1.745
1.778
1.778
1.798
1.790
1.768
1.753
1.693
1.670
1.636
1.642
1.709
1.710
1.731
1.764
1.769
1.755
1.765
1.752
1.769
1.757
1.788
1.780
1.787
1.773
1.737
1.769
1.787
1.783
1.775
1.782
1.778
1.794
1.820
1.800
1.826
1.819
1.808
1.807
1.814
1.872
1.833
1.840
1.889
1.912
1.921
1.952
1.906
1.895
1.907
1.907
1.860
1.862
1.889
1.883
1.876
1.884
1.885
1.884
1.918
1.969
1.977
1.977
1.988
2.001
1.996
1.916
1.923
1.913
1.946
1.945
1.960
2.000
2.015
2.005
1.983
1.984
1.956
1.914
1.899
1.923
1.925
1.935
1.977
1.972
1.994
2.007
2.019
2.088
2.062
2.063
2.071
2.062
2.066
2.082
2.084
2.083
2.119
2.108
2.106
2.115
2.139
2.128
2.093
2.050
2.110
2.084
2.085
2.121
2.119
2.122
2.105
2.078
2.075
2.070
2.095
2.103
2.094
2.083
2.115
2.076
2.080
2.145
2.154
2.152
2.135
2.114
2.097
2.089
2.085
2.031
2.051
2.029
2.025
2.042
2.051
2.040
2.053
2.075
2.086
2.042
2.084
2.082
2.085
2.059
2.038
2.034
2.019
1.956
1.982
2.014
2.113
2.127
2.153
2.153
2.173
2.183
2.197
2.197
2.203
2.235
2.171
2.155
2.159
2.191
2.189
2.162
2.208
2.212
2.202
2.226
2.231
2.227
2.254
2.251
2.272
2.282
2.285
2.316
2.319
2.303
2.299
2.317
2.316
2.319
2.298
2.303
2.308
2.279
2.289
2.292
2.306
2.356
2.382
2.372
2.408
2.408
2.388
2.392
2.394
2.364
2.340
2.338
2.308
2.277
2.253
2.270
2.279
2.335
2.323
2.310
2.233
2.254
2.245
2.211
2.212
2.191
2.153
2.140
2.121
2.137
2.103
2.105
2.110
2.120
2.191
2.157
2.149
2.213
2.209
2.198
2.166
2.172
2.228
2.234
2.207
2.202
2.194
2.188
2.187
2.105
2.101
2.102
2.077
2.051
2.095
2.072
2.094
2.108
2.111
2.130
2.145
2.200
2.170
2.186
2.194
2.227
2.276
2.293
2.335
2.278
2.290
2.285
2.293
2.340
2.346
2.421
2.414
2.430
2.405
2.397
2.442
2.427
2.396
2.484
2.492
2.464
2.489
2.489
2.479
2.502
2.500
2.504
2.459
2.480
2.454
2.430
2.409
2.339
2.340
2.343
2.336
2.342
2.365
2.375
2.384
2.398
2.388
2.397
2.397
2.379
2.356
2.369
2.398
2.394
2.340
2.358
2.357
2.321
2.323
2.323
2.367
2.413
2.412
2.444
2.447
2.442
2.454
2.460
2.439
2.424
2.423
2.323
2.323
2.352
2.423
2.426
2.417
2.410
2.428
2.385
2.364
2.360
2.331
2.352
2.355
2.371
2.360
2.369
2.323
2.315
2.273
2.278
2.282
2.288
2.285
2.285
2.317
2.316
2.302
2.270
2.228
2.224
2.191
2.191
2.168
2.157
2.194
2.222
2.220
2.198
2.194
2.180
2.209
2.186
2.189
2.192
2.153
2.155
2.143
2.143
2.170
2.200
2.175
2.174
2.201
2.239
2.236
2.209
2.208
2.210
2.194
2.186
2.164
2.167
2.177
2.173
2.199
2.240
2.233
2.316
2.278
2.261
2.336
2.350
2.342
2.358
2.360
2.357
2.341
2.348
2.344
2.359
2.368
2.363
2.361
2.331
2.371
2.363
2.360
2.359
2.379
2.361
2.344
2.335
2.336
2.318
2.306
2.344
2.366
2.355
2.364
2.353
2.345
2.369
2.307
2.314
2.330
2.272
2.274
2.270
2.292
2.273
2.189
2.216
2.240
2.260
2.249
2.238
2.233
2.242
2.241
2.250
2.226
2.237
2.183
2.171
2.236
2.220
2.237
2.218
2.229
2.183
2.195
2.181
2.197
2.158
2.121
2.090
2.015
2.013
2.013
2.029
2.013
1.973
1.966
1.875
1.911
1.898
1.911
1.915
1.885
1.863
1.860
1.765
1.760
1.817
1.805
1.898
1.893
1.837
1.825
1.823
1.820
1.841
1.843
1.854
1.869
1.888
1.918
1.925
1.959
1.957
1.990
1.971
1.970
1.958
1.955
1.978
1.971
1.983
1.983
1.979
1.956
2.016
2.008
1.987
1.988
1.986
1.989
2.004
1.970
1.944
1.975
1.937
1.905
1.946
1.944
1.945
1.951
1.931
1.927
1.930
1.929
1.949
1.956
1.961
1.957
1.963
1.960
1.991
1.989
1.992
1.990
1.964
1.965
1.975
1.980
1.986
2.002
2.007
2.009
2.002
2.004
2.005
2.030
2.051
2.013
2.022
2.018
2.035
1.999
1.991
2.009
2.000
1.983
1.983
1.935
1.911
1.905
1.898
1.895
1.894
1.870
1.848
1.844
1.851
1.866
1.871
1.867
1.863
1.844
1.810
1.808
1.820
1.845
1.798
1.798
1.804
1.809
1.818
1.823
1.803
1.829
1.839
1.825
1.833
1.810
1.761
1.777
1.686
1.711
1.713
1.681
1.666
1.677
1.698
1.721
1.756
1.764
1.767
1.813
1.808
1.826
1.849
1.853
1.872
1.835
1.794
1.787
1.784
1.767
1.765
1.810
1.837
1.821
1.849
1.853
1.837
1.818
1.817
1.808
1.794
1.799
1.795
1.805
1.824
1.800
1.796
1.803
1.804
1.783
1.776
1.775
1.740
1.758
1.743
1.765
1.791
1.845
1.826
1.820
1.814
1.815
1.833
1.860
1.860
1.785
1.788
1.760
1.752
1.741
1.737
1.755
1.777
1.747
1.744
1.735
1.777
1.812
1.803
1.755
1.745
1.747
1.709
1.717
1.713
1.728
1.758
1.771
1.786
1.781
1.778
1.790
1.788
1.837
1.875
1.873
1.777
1.778
1.780
1.793
1.791
1.794
1.822
1.855
1.842
1.836
1.819
1.820
1.877
1.936
1.943
1.904
1.948
1.938
1.972
1.959
1.931
1.968
1.961
1.948
1.937
1.940
1.874
1.967
1.945
1.953
1.966
1.960
1.955
1.957
1.975
1.942
1.961
2.013
1.980
1.965
1.965
1.972
1.990
1.991
2.028
2.023
1.983
1.907
1.904
1.908
1.893
1.880
1.870
1.957
1.975
1.978
1.975
1.981
1.947
1.967
1.965
1.983
1.984
1.980
1.988
1.976
2.019
2.010
1.993
2.034
2.119
2.112
2.104
2.093
2.100
2.076
2.067
2.074
2.077
2.093
2.090
2.105
2.094
2.093
2.095
2.093
2.111
2.207
2.185
2.156
2.168
2.160
2.164
2.157
2.178
2.200
2.207
2.124
2.120
2.116
2.113
2.122
2.125
2.224
2.222
2.225
2.227
2.254
2.249
2.245
2.256
2.269
2.289
2.267
2.234
2.183
2.191
2.154
2.121
2.098
2.078
2.088
2.082
2.035
2.031
2.004
2.008
2.006
1.993
1.978
1.974
2.042
2.041
2.055
2.068
2.070
2.061
2.057
2.083
2.106
2.143
2.233
2.230
2.249
2.290
2.298
2.291
2.280
2.254
2.250
2.250
2.250
2.266
2.259
2.295
2.302
2.299
2.258
2.256
2.237
2.207
2.152
2.160
2.170
2.185
2.184
2.182
2.187
2.218
2.205
2.225
2.232
2.225
2.222
2.224
2.230
2.209
2.202
2.217
2.214
2.179
2.159
2.262
2.293
2.285
2.341
2.366
2.410
2.418
2.368
2.338
2.321
2.300
2.277
2.298
2.286
2.311
2.264
2.172
2.173
2.175
2.188
2.187
2.207
2.221
2.259
2.210
2.206
2.212
2.226
2.228
2.196
2.229
2.144
2.161
2.201
2.164
2.164
2.134
2.121
2.117
2.085
2.129
2.138
2.142
2.138
2.183
2.096
2.092
2.102
2.188
2.189
2.182
2.194
2.179
2.182
2.166
2.114
2.108
2.103
2.123
2.104
2.100
2.120
2.082
2.075
2.065
2.081
2.095
2.144
2.166
2.172
2.159
2.084
2.061
2.062
2.059
2.043
2.045
2.023
2.001
1.996
1.999
1.985
1.975
1.987
1.951
1.924
1.921
1.886
1.843
1.857
1.844
1.846
1.895
1.913
1.949
1.945
1.948
1.933
1.940
1.934
1.939
1.959
1.960
1.956
1.937
1.853
1.876
1.883
1.863
1.856
1.862
1.852
1.834
1.853
1.832
1.830
1.828
1.842
1.888
1.921
1.897
1.797
1.800
1.808
1.813
1.785
1.811
1.867
1.867
1.838
1.817
1.816
1.816
1.817
1.808
1.833
1.830
1.833
1.863
1.847
1.889
1.944
1.970
1.968
1.984
1.992
1.994
2.039
2.054
1.993
2.036
2.041
2.053
2.004
1.993
2.020
1.999
1.974
1.935
1.884
1.914
1.895
1.881
1.887
1.859
1.879
1.882
1.884
1.886
1.910
1.904
1.968
1.956
1.942
2.043
2.107
2.115
2.154
2.145
2.152
2.145
2.143
2.113
2.117
2.114
2.082
2.049
2.050
2.044
2.039
2.056
2.059
2.055
2.044
2.054
2.061
2.049
2.064
2.064
2.098
2.043
2.041
2.040
1.980
1.981
1.949
1.994
2.005
2.020
2.035
2.042
2.062
2.042
2.052
2.066
2.116
2.134
2.133
2.147
2.180
2.183
2.153
2.167
2.121
2.109
2.081
2.093
2.074
2.098
2.127
2.035
2.030
2.006
1.944
1.961
1.961
1.968
1.971
1.960
1.952
1.907
1.905
1.913
1.968
1.923
1.925
1.939
1.927
1.829
1.828
1.852
1.835
1.851
1.855
1.860
1.865
1.882
1.879
1.892
1.888
1.879
1.863
1.870
1.869
1.894
1.976
2.000
1.964
1.944
1.938
1.953
1.983
1.993
2.010
2.015
2.015
2.019
2.013
2.007
2.005
1.996
2.013
2.014
2.043
2.058
2.057
2.093
2.090
2.033
2.024
2.039
2.029
1.992
2.009
2.037
2.031
2.112
2.139
2.221
2.227
2.246
2.221
2.220
2.215
2.215
2.252
2.250
2.249
2.284
2.293
2.304
2.316
2.306
2.301
2.300
2.299
2.299
2.290
2.238
2.201
2.208
2.206
2.207
2.169
2.148
2.152
2.183
2.124
2.141
2.149
2.152
2.158
2.154
2.154
2.160
2.140
2.156
2.149
2.118
2.124
2.097
2.042
2.051
2.046
2.009
2.021
2.014
1.981
1.976
1.987
1.961
1.939
1.916
1.920
1.909
1.884
1.881
1.884
1.882
1.851
1.824
1.831
1.806
1.786
1.792
1.764
1.786
1.790
1.802
1.773
1.776
1.721
1.720
1.729
1.660
1.596
1.593
1.559
1.571
1.595
1.598
1.610
1.631
1.625
1.609
1.618
1.632
1.639
1.620
1.640
1.640
1.678
1.676
1.670
1.663
1.680
1.713
1.693
1.716
1.684
1.646
1.649
1.652
1.704
1.693
1.707
1.676
1.666
1.680
1.679
1.709
1.673
1.679
1.668
1.633
1.579
1.560
1.549
1.632
1.592
1.597
1.593
1.559
1.560
1.552
1.576
1.561
1.570
1.594
1.573
1.596
1.595
1.584
1.604
1.590
1.622
1.614
1.611
1.626
1.628
1.636
1.677
1.675
1.638
1.652
1.638
1.633
1.633
1.660
1.661
1.665
1.666
1.647
1.672
1.664
1.678
1.671
1.669
1.677
1.687
1.709
1.707
1.697
1.701
1.769
1.687
1.666
1.646
1.646
1.652
1.632
1.594
1.584
1.565
1.582
1.659
1.648
1.658
1.670
1.653
1.669
1.660
1.699
1.663
1.635
1.638
1.605
1.607
1.625
1.642
1.622
1.650
1.627
1.595
1.536
1.551
1.502
1.503
1.430
1.421
1.457
1.460
1.463
1.466
1.475
1.522
1.522
1.517
1.496
1.524
1.525
1.528
1.600
1.591
1.590
1.592
1.594
1.593
1.640
1.636
1.644
1.651
1.679
1.742
1.746
1.774
1.719
1.732
1.713
1.706
1.704
1.708
1.752
1.734
1.741
1.759
1.770
1.770
1.765
1.802
1.801
1.795
1.785
1.781
1.794
1.771
1.797
1.797
1.794
1.792
1.779
1.780
1.819
1.815
1.892
1.883
1.904
1.907
1.896
1.903
1.901
1.900
1.899
1.894
1.887
1.891
1.871
1.908
1.901
1.903
1.902
1.906
1.879
1.864
1.837
1.895
1.890
1.882
1.897
1.876
1.887
1.875
1.872
1.885
1.907
1.894
1.887
1.885
1.898
1.900
1.888
1.848
1.859
1.843
1.840
1.839
1.810
1.820
1.812
1.831
1.859
1.857
1.868
1.843
1.835
1.834
1.829
1.830
1.806
1.777
1.747
1.748
1.785
1.837
1.931
1.940
1.937
1.949
1.860
1.872
1.866
1.866
1.904
1.909
1.920
1.897
1.894
1.899
1.870
1.907
1.897
1.894
1.915
1.905
1.914
1.892
1.899
1.905
1.900
1.898
1.885
1.851
1.841
1.824
1.814
1.865
1.857
1.862
1.836
1.842
1.808
1.814
1.851
1.856
1.929
1.908
1.924
1.946
1.916
1.923
1.926
1.928
1.963
1.959
1.924
1.913
1.901
1.906
1.904
1.915
1.903
1.899
1.911
1.911
1.913
1.893
1.905
1.899
1.914
1.911
1.897
1.924
1.919
1.920
1.917
1.922
1.919
1.941
1.931
1.912
1.934
1.901
1.908
1.910
1.920
1.922
1.886
1.858
1.836
1.831
1.774
1.772
1.782
1.798
1.798
1.723
1.718
1.717
1.740
1.798
1.767
1.786
1.719
1.727
1.733
1.732
1.733
1.740
1.706
1.725
1.706
1.709
1.709
1.659
1.658
1.631
1.627
1.628
1.639
1.666
1.664
1.656
1.628
1.627
1.615
1.584
1.556
1.594
1.590
1.545
1.547
1.547
1.538
1.550
1.549
1.563
1.560
1.560
1.584
1.593
1.594
1.675
1.644
1.647
1.650
1.734
1.720
1.733
1.724
1.726
1.748
1.737
1.733
1.742
1.830
1.840
1.910
1.880
1.878
1.901
1.897
1.924
1.933
2.029
2.025
1.987
2.023
2.052
2.030
2.022
2.025
2.032
2.022
2.011
1.985
1.974
1.960
1.968
1.957
1.932
1.941
1.950
1.949
1.951
1.952
1.940
1.946
1.956
1.935
1.910
1.883
1.888
1.885
1.860
1.859
1.839
1.901
1.903
1.905
1.910
1.904
1.961
1.931
1.915
1.823
1.818
1.849
1.850
1.864
1.848
1.895
1.890
1.851
1.849
1.838
1.853
1.853
1.846
1.842
1.827
1.820
1.816
1.791
1.836
1.812
1.799
1.808
1.804
1.804
1.825
1.829
1.818
1.845
1.843
1.840
1.815
1.810
1.838
1.876
1.872
1.886
1.893
1.861
1.825
1.759
1.775
1.763
1.752
1.738
1.717
1.686
1.696
1.663
1.668
1.611
1.614
1.617
1.609
1.625
1.607
1.636
1.656
1.649
1.685
1.655
1.600
1.619
1.619
1.595
1.596
1.595
1.562
1.527
1.550
1.562
1.558
1.587
1.562
1.585
1.680
1.667
1.686
1.678
1.682
1.672
1.671
1.669
1.680
1.682
1.687
1.687
1.685
1.677
1.675
1.669
1.662
1.663
1.666
1.655
1.557
1.554
1.557
1.569
1.578
1.571
1.578
1.609
1.599
1.602
1.577
1.583
1.586
1.586
1.577
1.585
1.613
1.673
1.659
1.649
1.648
1.711
1.713
1.701
1.708
1.756
1.765
1.774
1.735
1.763
1.779
1.807
1.811
1.793
1.802
1.804
1.793
1.775
1.777
1.758
1.737
1.734
1.699
1.710
1.766
1.723
1.654
1.637
1.625
1.659
1.663
1.634
1.639
1.649
1.626
1.583
1.602
1.533
1.521
1.552
1.532
1.522
1.495
1.490
1.414
1.425
1.438
1.399
1.391
1.391
1.388
1.413
1.424
1.445
1.443
1.459
1.487
1.528
1.524
1.553
1.561
1.547
1.536
1.521
1.516
1.515
1.550
1.553
1.567
1.614
1.614
1.624
1.636
1.635
1.634
1.633
1.636
1.581
1.610
1.595
1.595
1.607
1.561
1.560
1.526
1.531
1.562
1.539
1.533
1.518
1.510
1.505
1.511
1.533
1.530
1.620
1.606
1.609
1.613
1.607
1.590
1.599
1.655
1.670
1.629
1.624
1.623
1.616
1.617
1.624
1.621
1.632
1.700
1.689
1.717
1.736
1.753
1.761
1.722
1.681
1.691
1.710
1.695
1.716
1.724
1.726
1.739
1.737
1.749
1.757
1.796
1.811
1.812
1.840
1.839
1.830
1.891
1.889
1.898
1.910
1.903
1.888
1.869
1.867
1.840
1.844
1.859
1.843
1.939
1.969
1.979
1.985
2.000
2.003
1.989
1.974
1.965
1.937
1.924
1.905
1.809
1.804
1.791
1.805
1.806
1.814
1.800
1.802
1.804
1.807
1.826
1.828
1.847
1.841
1.838
1.835
1.824
1.826
1.864
1.842
1.905
1.929
1.914
1.912
1.871
1.871
1.864
1.883
1.910
1.905
1.924
1.925
1.930
1.900
1.999
1.999
1.998
1.938
1.971
2.014
2.012
1.958
1.973
1.974
1.988
1.941
1.933
1.946
1.958
1.923
1.934
1.902
1.914
1.917
1.904
1.887
1.896
1.892
1.922
1.911
1.913
1.922
1.873
1.868
1.830
1.799
1.845
1.863
1.862
1.832
1.833
1.841
1.840
1.855
1.871
1.812
1.783
1.795
1.796
1.778
1.789
1.819
1.870
1.870
1.863
1.860
1.842
1.852
1.833
1.857
1.890
1.848
1.828
1.814
1.814
1.829
1.813
1.795
1.789
1.767
1.764
1.764
1.766
1.780
1.793
1.794
1.799
1.782
1.766
1.720
1.715
1.722
1.761
1.761
1.780
1.824
1.812
1.806
1.781
1.785
1.810
1.835
1.823
1.854
1.921
1.913
1.946
1.970
1.969
1.983
1.990
1.955
1.960
1.946
1.948
1.912
1.922
1.924
1.962
1.951
1.946
1.928
1.881
1.868
1.883
1.879
1.874
1.866
1.866
1.880
1.888
1.882
1.813
1.824
1.803
1.841
1.802
1.811
1.827
1.842
1.830
1.792
1.809
1.801
1.808
1.810
1.789
1.776
1.761
1.817
1.779
1.786
1.789
1.760
1.760
1.789
1.728
1.720
1.758
1.735
1.737
1.748
1.811
1.906
1.890
1.849
1.856
1.844
1.768
1.748
1.758
1.755
1.741
1.754
1.773
1.793
1.815
1.836
1.849
1.837
1.837
1.850
1.852
1.868
1.890
1.883
1.886
1.927
1.921
1.965
1.940
1.991
1.999
2.011
1.999
2.006
2.001
2.003
1.982
2.014
1.961
1.957
1.968
1.958
1.960
1.972
1.985
1.949
1.929
1.916
1.912
1.904
1.893
1.906
1.807
1.892
1.863
1.864
1.850
1.797
1.766
1.773
1.791
1.797
1.797
1.813
1.831
1.828
1.822
1.822
1.797
1.792
1.776
1.770
1.773
1.782
1.789
1.795
1.771
1.826
1.829
1.823
1.826
1.815
1.795
1.834
1.780
1.769
1.764
1.766
1.749
1.764
1.773
1.761
1.769
1.798
1.816
1.801
1.800
1.788
1.784
1.784
1.722
1.729
1.735
1.734
1.725
1.712
1.732
1.710
1.683
1.685
1.692
1.704
1.733
1.707
1.710
1.702
1.701
1.692
1.693
1.791
1.810
1.806
1.797
1.812
1.769
1.777
1.764
1.767
1.765
1.781
1.776
1.767
1.774
1.726
1.729
1.732
1.722
1.731
1.742
1.714
1.732
1.687
1.689
1.700
1.642
1.614
1.622
1.606
1.604
1.603
1.598
1.611
1.622
1.606
1.595
1.585
1.533
1.532
1.524
1.524
1.533
1.539
1.521
1.550
1.564
1.555
1.556
1.562
1.577
1.587
1.588
1.569
1.563
1.521
1.536
1.515
1.514
1.508
1.509
1.520
1.503
1.492
1.480
1.488
1.486
1.495
1.496
1.441
1.509
1.503
1.499
1.511
1.544
1.572
1.605
1.623
1.594
1.607
1.606
1.602
1.550
1.456
1.459
1.494
1.488
1.531
1.513
1.493
1.477
1.504
1.498
1.577
1.547
1.552
1.553
1.530
1.528
1.581
1.584
1.568
1.576
1.560
1.529
1.544
1.540
1.501
1.525
1.481
1.489
1.438
1.457
1.465
1.485
1.528
1.534
1.625
1.630
1.688
1.689
1.697
1.709
1.709
1.710
1.697
1.680
1.653
1.654
1.684
1.676
1.702
1.712
1.698
1.698
1.586
1.609
1.647
1.637
1.638
1.647
1.634
1.617
1.625
1.631
1.614
1.599
1.672
1.695
1.709
1.713
1.708
1.719
1.732
1.823
1.829
1.831
1.838
1.831
1.805
1.822
1.815
1.813
1.812
1.811
1.811
1.827
1.827
1.870
1.871
1.889
1.871
1.870
1.876
1.892
1.891
1.869
1.886
1.886
1.903
1.896
1.901
1.901
1.903
1.892
1.894
1.890
1.897
1.923
1.956
1.978
1.973
1.973
1.955
1.927
1.936
1.943
1.936
1.938
1.948
1.964
1.940
1.925
1.941
1.940
1.922
1.924
1.961
1.956
2.008
2.027
1.993
1.973
1.974
1.978
2.007
2.096
2.085
2.140
2.141
2.100
2.111
2.115
2.140
2.088
2.091
2.105
2.117
2.178
2.205
2.200
2.206
2.202
2.183
2.176
2.151
2.161
2.189
2.198
2.252
2.252
2.294
2.310
2.348
2.348
2.325
2.319
2.328
2.329
2.319
2.370
2.372
2.393
2.447
2.451
2.437
2.418
2.431
2.418
2.411
2.412
2.409
2.412
2.411
2.424
2.406
2.408
2.397
2.460
2.516
2.513
2.503
2.488
2.489
2.453
2.406
2.391
2.376
2.369
2.368
2.398
2.414
2.412
2.444
2.477
2.480
2.472
2.428
2.425
2.448
2.461
2.447
2.471
2.399
2.398
2.375
2.374
2.378
2.381
2.335
2.329
2.328
2.341
2.388
2.386
2.412
2.433
2.453
2.433
2.434
2.429
2.438
2.390
2.466
2.461
2.424
2.443
2.342
2.348
2.254
2.275
2.249
2.206
2.215
2.223
2.238
2.247
2.291
2.284
2.257
2.252
2.234
2.257
2.256
2.257
2.285
2.365
2.354
2.362
2.368
2.398
2.407
2.433
2.423
2.414
2.500
2.513
2.429
2.406
2.422
2.418
2.413
2.437
2.423
2.328
2.350
2.351
2.361
2.375
2.353
2.340
2.389
2.399
2.393
2.466
2.437
2.443
2.446
2.401
2.413
2.392
2.426
2.425
2.433
2.408
2.389
2.393
2.397
2.369
2.348
2.339
2.300
2.296
2.318
2.331
2.326
2.346
2.380
2.345
2.334
2.323
2.321
2.335
2.330
2.339
2.335
2.326
2.337
2.337
2.334
2.316
2.250
2.245
2.221
2.241
2.241
2.253
2.220
2.313
2.266
2.242
2.244
2.208
2.207
2.180
2.149
2.077
2.073
2.021
2.098
2.127
2.121
2.112
2.107
2.093
2.075
2.052
2.039
1.987
1.950
2.035
2.031
2.048
2.045
2.038
2.025
2.022
2.011
2.056
2.002
2.023
1.993
1.964
1.929
1.925
1.923
1.925
1.914
1.911
1.912
1.827
1.835
1.822
1.763
1.784
1.780
1.779
1.788
1.793
1.813
1.813
1.818
1.828
1.830
1.844
1.849
1.844
1.871
1.802
1.740
1.677
1.711
1.710
1.717
1.771
1.772
1.764
1.770
1.760
1.747
1.720
1.693
1.682
1.673
1.663
1.734
1.748
1.775
1.825
1.802
1.785
1.803
1.798
1.817
1.831
1.842
1.837
1.837
1.833
1.852
1.855
1.884
1.949
1.922
1.924
1.945
1.941
1.924
1.935
1.943
1.947
1.952
1.953
1.861
1.852
1.881
1.886
1.889
1.889
1.889
1.864
1.862
1.863
1.889
1.889
1.884
1.902
1.902
1.906
1.935
1.951
1.944
1.905
1.926
1.936
1.948
1.848
1.833
1.817
1.823
1.792
1.793
1.757
1.756
1.765
1.700
1.688
1.685
1.686
1.664
1.671
1.683
1.642
1.739
1.750
1.724
1.708
1.711
1.708
1.726
1.730
1.685
1.698
1.720
1.663
1.671
1.684
1.675
1.686
1.677
1.672
1.694
1.683
1.664
1.668
1.684
1.730
1.727
1.773
1.816
1.831
1.842
1.857
1.828
1.822
1.835
1.812
1.776
1.761
1.737
1.724
1.731
1.711
1.720
1.726
1.707
1.718
1.716
1.726
1.740
1.742
1.732
1.783
1.783
1.769
1.768
1.778
1.785
1.700
1.694
1.693
1.700
1.702
1.708
1.709
1.716
1.699
1.695
1.789
1.749
1.724
1.724
1.712
1.695
1.725
1.739
1.747
1.785
1.762
1.804
1.726
1.732
1.740
1.740
1.750
1.754
1.749
1.763
1.722
1.765
1.751
1.752
1.782
1.772
1.775
1.794
1.827
1.835
1.864
1.861
1.854
1.835
1.824
1.866
1.896
1.921
1.935
1.941
1.940
1.983
2.008
2.052
2.073
2.065
2.034
2.029
2.090
2.072
2.108
2.105
2.112
2.074
2.078
2.093
2.032
2.043
2.024
2.016
2.016
2.098
2.096
2.090
2.088
2.058
2.036
2.058
2.040
2.006
1.958
1.954
1.957
1.937
1.939
1.907
1.892
1.857
1.846
1.838
1.852
1.833
1.833
1.836
1.796
1.764
1.763
1.705
1.704
1.702
1.758
1.757
1.819
1.809
1.816
1.817
1.844
1.835
1.809
1.817
1.786
1.791
1.800
1.802
1.800
1.767
1.755
1.787
1.766
1.769
1.776
1.767
1.748
1.756
1.764
1.775
1.786
1.836
1.836
1.865
1.921
1.910
1.938
1.953
2.002
2.007
1.995
2.014
2.014
2.033
2.037
2.040
2.055
2.047
2.057
1.976
1.987
1.998
1.996
1.996
2.007
1.979
1.977
1.975
1.960
1.950
1.944
1.937
1.903
1.915
1.921
1.914
1.915
1.860
1.880
1.870
1.883
1.874
1.865
1.841
1.918
1.891
1.900
1.929
1.915
1.912
1.904
1.891
1.891
1.888
1.899
1.924
1.920
1.952
1.942
1.937
1.931
1.935
1.929
1.937
1.932
1.913
1.919
1.924
1.929
1.945
1.932
1.937
1.909
1.937
1.921
1.927
1.928
1.933
1.936
1.933
1.985
1.982
1.970
2.005
1.927
1.884
1.877
1.880
1.880
1.907
1.891
1.877
1.877
1.868
1.906
1.882
1.894
1.938
1.927
1.940
1.956
1.954
1.958
1.959
1.954
1.898
1.895
1.900
1.939
1.953
1.966
1.959
1.932
1.929
1.915
1.905
1.917
1.921
1.936
1.908
1.854
1.837
1.821
1.793
1.787
1.748
1.762
1.708
1.724
1.730
1.738
1.763
1.711
1.698
1.676
1.693
1.716
1.729
1.731
1.699
1.702
1.681
1.700
1.719
1.733
1.655
1.670
1.678
1.686
1.688
1.688
1.601
1.608
1.621
1.622
1.656
1.706
1.687
1.675
1.675
1.687
1.737
1.772
1.798
1.806
1.803
1.860
1.830
1.777
1.777
1.792
1.841
1.838
1.837
1.770
1.759
1.695
1.692
1.743
1.798
1.788
1.769
1.777
1.772
1.780
1.794
1.810
1.809
1.819
1.900
1.904
1.877
1.876
1.836
1.917
1.894
1.897
1.887
1.881
1.850
1.849
1.774
1.795
1.770
1.711
1.711
1.679
1.656
1.593
1.573
1.557
1.492
1.509
1.490
1.480
1.521
1.499
1.500
1.491
1.478
1.526
1.522
1.577
1.559
1.525
1.528
1.548
1.559
1.559
1.565
1.570
1.559
1.557
1.580
1.571
1.595
1.616
1.658
1.696
1.702
1.705
1.713
1.709
1.743
1.685
1.743
1.726
1.703
1.715
1.720
1.745
1.757
1.760
1.784
1.806
1.787
1.791
1.759
1.768
1.760
1.768
1.818
1.824
1.838
1.874
1.947
1.937
1.946
1.918
1.913
1.923
2.016
2.027
1.981
1.992
1.997
2.005
1.991
2.005
2.016
1.999
1.999
1.999
1.973
2.027
2.047
2.092
2.075
2.076
2.045
2.052
2.052
2.052
2.034
1.995
1.993
1.986
1.930
2.004
2.007
2.000
2.003
2.021
2.027
2.027
2.032
2.047
2.114
2.074
2.084
2.070
2.098
2.144
2.139
2.139
2.119
2.106
2.112
2.101
2.104
2.105
2.102
2.142
2.159
2.163
2.153
2.113
2.115
2.065
2.064
2.066
2.049
2.047
2.054
2.067
2.056
2.050
2.040
2.034
2.056
2.060
2.061
2.070
2.050
2.028
2.023
2.050
2.095
2.094
2.104
2.165
2.171
2.161
2.180
2.250
2.265
2.224
2.251
2.240
2.269
2.322
2.317
2.300
2.297
2.284
2.299
2.252
2.250
2.267
2.295
2.314
2.271
2.258
2.253
2.278
2.295
2.312
2.349
2.291
2.237
2.269
2.270
2.253
2.268
2.270
2.252
2.227
2.295
2.289
2.228
2.233
2.204
2.211
2.241
2.150
2.210
2.238
2.240
2.288
2.307
2.284
2.301
2.296
2.287
2.304
2.310
2.350
2.373
2.403
2.417
2.418
2.448
2.460
2.467
2.464
2.413
2.413
2.414
2.415
2.429
2.406
2.393
2.361
2.390
2.418
2.451
2.417
2.413
2.426
2.424
2.417
2.431
2.449
2.422
2.470
2.449
2.443
2.400
2.345
2.359
2.365
2.384
2.355
2.337
2.297
2.230
2.232
2.231
2.223
2.224
2.241
2.228
2.227
2.204
2.194
2.200
2.238
2.229
2.247
2.295
2.295
2.286
2.293
2.268
2.244
2.175
2.176
2.174
2.153
2.153
2.152
2.100
2.089
2.114
2.130
2.124
2.144
2.143
2.125
2.115
2.073
2.085
2.125
2.147
2.080
2.061
2.022
2.038
2.095
2.108
2.107
2.115
2.109
2.108
2.117
2.108
2.101
2.101
2.013
2.039
2.024
2.053
2.050
2.060
2.085
2.105
2.096
2.007
1.988
1.967
2.002
1.981
1.931
1.952
1.956
1.984
1.988
1.985
2.009
1.995
1.993
1.993
1.971
1.985
1.999
1.994
1.999
2.074
2.072
2.076
2.065
2.156
2.153
2.155
2.133
2.126
2.147
2.151
2.153
2.145
2.164
2.164
2.131
2.137
2.141
2.140
2.116
2.077
2.068
2.046
1.988
1.975
1.976
1.987
1.914
1.869
1.865
1.864
1.891
1.850
1.784
1.765
1.762
1.748
1.761
1.789
1.779
1.827
1.813
1.792
1.763
1.771
1.775
1.774
1.753
1.742
1.737
1.710
1.774
1.772
1.783
1.783
1.811
1.804
1.818
1.915
2.004
1.928
1.934
1.915
1.917
1.935
1.939
1.982
1.997
1.940
1.908
1.913
1.868
1.849
1.851
1.833
1.816
1.853
1.842
1.866
1.918
1.894
1.901
1.895
1.948
1.943
1.985
1.991
2.005
2.021
2.031
2.023
2.021
2.002
1.969
1.967
1.936
1.922
1.908
1.894
1.924
1.917
1.925
1.912
1.900
1.885
1.873
1.895
1.893
1.890
1.878
1.918
1.918
1.912
1.886
1.856
1.874
1.869
1.867
1.870
1.877
1.869
1.888
1.901
1.951
1.995
2.010
2.079
2.078
2.081
2.040
2.050
2.046
2.007
2.090
2.052
2.032
2.059
2.040
2.061
2.099
2.083
2.094
2.086
2.078
2.045
2.042
2.040
2.029
2.023
1.994
2.020
2.034
2.032
2.042
2.030
1.997
1.987
2.062
2.096
2.101
2.096
2.125
2.120
2.095
2.101
2.104
2.111
2.126
2.131
2.153
2.176
2.177
2.154
2.157
2.119
2.110
2.163
2.130
2.129
2.184
2.188
2.159
2.162
2.125
2.107
2.114
2.119
2.173
2.165
2.165
2.150
2.125
2.127
2.125
2.137
2.121
2.135
2.116
2.112
2.142
2.099
2.117
2.134
2.133
2.064
2.104
2.097
2.111
2.110
2.091
2.101
2.140
2.149
2.202
2.205
2.214
2.208
2.215
2.217
2.205
2.214
2.258
2.265
2.265
2.314
2.323
2.358
2.361
2.370
2.361
2.341
2.347
2.363
2.370
2.375
2.395
2.391
2.397
2.358
2.372
2.330
2.361
2.363
2.357
2.337
2.370
2.379
2.380
2.392
2.392
2.381
2.323
2.336
2.288
2.294
2.268
2.260
2.254
2.139
2.074
2.115
2.120
2.170
2.162
2.187
2.178
2.110
2.195
2.242
2.270
2.265
2.262
2.264
2.290
2.297
2.292
2.248
2.241
2.237
2.146
2.177
2.153
2.154
2.176
2.182
2.116
2.139
2.138
2.130
2.188
2.201
2.220
2.246
2.231
2.238
2.277
2.266
2.257
2.259
2.246
2.249
2.257
2.269
2.283
2.284
2.305
2.304
2.252
2.279
2.281
2.240
2.245
2.236
2.264
2.260
2.315
2.317
2.414
2.439
2.422
2.443
2.428
2.428
2.392
2.446
2.458
2.382
2.363
2.350
2.360
2.348
2.338
2.366
2.265
2.292
2.382
2.347
2.355
2.392
2.352
2.378
2.359
2.336
2.340
2.354
2.354
2.355
2.349
2.364
2.373
2.351
2.385
2.383
2.448
2.499
2.501
2.508
2.431
2.418
2.417
2.412
2.335
2.363
2.366
2.353
2.363
2.427
2.497
2.484
2.460
2.437
2.434
2.415
2.412
2.426
2.435
2.342
2.362
2.448
2.398
2.422
2.462
2.486
2.497
2.500
2.486
2.506
2.452
2.453
2.451
2.497
2.518
2.519
2.512
2.511
2.509
2.477
2.478
2.468
2.436
2.403
2.399
2.374
2.400
2.367
2.339
2.324
2.333
2.335
2.388
2.390
2.350
2.407
2.332
2.367
2.364
2.378
2.378
2.457
2.466
2.467
2.484
2.499
2.509
2.462
2.489
2.423
2.426
2.418
2.424
2.445
2.466
2.453
2.446
2.488
2.471
2.500
2.471
2.478
2.462
2.456
2.460
2.491
2.535
2.558
2.558
2.573
2.565
2.577
2.590
2.587
2.658
2.657
2.653
2.655
2.642
2.667
2.657
2.663
2.634
2.592
2.578
2.529
2.542
2.521
2.610
2.616
2.543
2.504
2.479
2.495
2.521
2.535
2.518
2.559
2.570
2.583
2.578
2.555
2.554
2.528
2.516
2.527
2.463
2.458
2.452
2.463
2.468
2.469
2.443
2.461
2.451
2.424
2.434
2.427
2.406
2.396
2.419
2.490
2.479
2.483
2.464
2.492
2.526
2.537
2.533
2.505
2.522
2.496
2.503
2.544
2.542
2.599
2.606
2.611
2.538
2.529
2.428
2.392
2.393
2.425
2.438
2.417
2.402
2.294
2.256
2.347
2.347
2.361
2.351
2.391
2.396
2.391
2.405
2.381
2.348
2.365
2.363
2.375
2.379
2.411
2.435
2.459
2.462
2.468
2.478
2.462
2.501
2.494
2.511
2.507
2.474
2.515
2.464
2.423
2.419
2.428
2.429
2.417
2.431
2.425
2.416
2.387
2.386
2.388
2.380
2.307
2.227
2.226
2.226
2.230
2.262
2.312
2.316
2.325
2.346
2.400
2.449
2.348
2.341
2.335
2.324
2.290
2.274
2.273
2.282
2.234
2.207
2.235
2.242
2.198
2.217
2.212
2.248
2.260
2.262
2.258
2.266
2.294
2.309
2.334
2.346
2.353
2.334
2.352
2.333
2.356
2.327
2.327
2.343
2.328
2.330
2.253
2.297
2.289
2.332
2.340
2.377
2.306
2.312
2.315
2.259
2.256
2.258
2.258
2.242
2.240
2.223
2.219
2.213
2.202
2.150
2.244
2.274
2.260
2.271
2.291
2.310
2.303
2.320
2.322
2.308
2.274
2.237
2.239
2.199
2.176
2.169
2.138
2.130
2.124
2.063
2.044
2.029
2.018
2.039
2.008
2.016
2.058
2.059
2.062
2.082
2.105
2.109
2.111
2.043
2.128
2.107
2.123
2.121
2.141
2.129
2.137
2.124
2.069
2.060
2.044
2.046
2.042
2.060
2.072
2.125
2.120
2.112
2.149
2.209
2.169
2.177
2.168
2.154
2.129
2.222
2.229
2.219
2.224
2.215
2.225
2.199
2.106
2.128
2.173
2.169
2.123
2.078
2.042
2.029
2.030
2.047
2.128
2.135
2.113
2.110
2.112
2.080
2.123
2.186
2.193
2.219
2.226
2.235
2.246
2.245
2.248
2.306
2.332
2.340
2.279
2.287
2.291
2.310
2.282
2.268
2.263
2.262
2.273
2.218
2.233
2.267
2.193
2.174
2.141
2.135
2.137
2.117
2.164
2.169
2.160
2.160
2.152
2.121
2.126
2.130
2.090
2.072
2.063
2.070
2.031
2.035
2.084
2.082
2.085
2.119
2.159
2.172
2.195
2.195
2.188
2.227
2.244
2.252
2.260
2.230
2.212
2.250
2.230
2.209
2.183
2.130
2.154
2.160
2.161
2.149
2.198
2.229
2.251
2.322
2.324
2.377
2.343
2.336
2.361
2.319
2.330
2.379
2.391
2.459
2.451
2.461
2.456
2.439
2.416
2.397
2.409
2.406
2.410
2.443
2.443
2.443
2.454
2.360
2.355
2.369
2.360
2.314
2.285
2.297
2.282
2.256
2.278
2.313
2.291
2.335
2.327
2.357
2.353
2.337
2.332
2.343
2.357
2.349
2.368
2.370
2.276
2.252
2.223
2.215
2.193
2.181
2.250
2.247
2.256
2.232
2.227
2.223
2.221
2.271
2.297
2.306
2.306
2.302
2.328
2.342
2.388
2.397
2.420
2.421
2.429
2.450
2.503
2.500
2.519
2.514
2.506
2.517
2.525
2.499
2.400
2.472
2.454
2.457
2.424
2.436
2.461
2.473
2.480
2.476
2.475
2.524
2.498
2.488
2.467
2.426
2.448
2.491
2.456
2.397
2.384
2.383
2.400
2.392
2.421
2.325
2.326
2.326
2.313
2.316
2.313
2.313
2.314
2.284
2.234
2.239
2.244
2.270
2.332
2.408
2.422
2.393
2.339
2.340
2.331
2.356
2.313
2.413
2.378
2.358
2.371
2.361
2.358
2.365
2.320
2.308
2.322
2.259
2.261
2.272
2.259
2.257
2.254
2.234
2.291
2.282
2.257
2.270
2.257
2.261
2.255
2.213
2.222
2.262
2.265
2.249
2.244
2.283
2.244
2.256
2.258
2.238
2.258
2.261
2.258
2.256
2.255
2.250
2.271
2.287
2.312
2.387
2.334
2.299
2.321
2.291
2.271
2.266
2.247
2.271
2.271
2.217
2.216
2.225
2.222
2.285
2.256
2.267
2.265
2.234
2.208
2.189
2.166
2.160
2.158
2.168
2.148
2.133
2.122
2.096
2.105
2.156
2.165
2.173
2.196
2.208
2.208
2.165
2.142
2.071
2.070
2.051
2.038
2.131
2.169
2.177
2.172
2.167
2.183
2.151
2.144
2.179
2.177
2.190
2.199
2.183
2.216
2.265
2.265
2.287
2.275
2.265
2.235
2.178
2.178
2.157
2.162
2.130
2.149
2.166
2.190
2.194
2.183
2.185
2.234
2.242
2.241
2.334
2.336
2.395
2.365
2.362
2.294
2.281
2.294
2.307
2.308
2.303
2.311
2.265
2.256
2.248
2.339
2.328
2.314
2.288
2.245
2.332
2.333
2.324
2.317
2.316
2.284
2.277
2.271
2.305
2.317
2.283
2.307
2.350
2.386
2.307
2.314
2.313
2.308
2.278
2.235
2.264
2.295
2.314
2.318
2.298
2.353
2.362
2.376
2.369
2.372
2.343
2.343
2.396
2.396
2.374
2.355
2.383
2.392
2.403
2.425
2.482
2.489
2.489
2.483
2.492
2.498
2.535
2.545
2.592
2.629
2.639
2.607
2.562
2.642
2.636
2.604
2.587
2.596
2.578
2.563
2.443
2.429
2.376
2.356
2.356
2.379
2.391
2.467
2.464
2.449
2.417
2.402
2.436
2.521
2.517
2.500
2.520
2.488
2.502
2.500
2.479
2.481
2.565
2.542
2.551
2.543
2.616
2.594
2.599
2.630
2.570
2.543
2.546
2.547
2.534
2.522
2.567
2.581
2.576
2.611
2.643
2.637
2.634
2.609
2.524
2.514
2.576
2.555
2.571
2.569
2.564
2.585
2.562
2.614
2.617
2.612
2.595
2.611
2.559
2.620
2.572
2.579
2.633
2.630
2.639
2.652
2.649
2.635
2.639
2.644
2.638
2.621
2.584
2.593
2.500
2.507
2.498
2.449
2.436
2.505
2.483
2.471
2.474
2.496
2.516
2.512
2.431
2.409
2.401
2.395
2.427
2.430
2.434
2.444
2.428
2.427
2.409
2.463
2.483
2.463
2.446
2.443
2.392
2.397
2.444
2.482
2.516
2.517
2.501
2.497
2.484
2.465
2.499
2.515
2.611