11.000
48.500
40.333
30.500
25.800
23.333
27.429
25.125
29.556
26.700
26.636
26.667
25.462
24.286
24.133
27.250
26.882
26.611
27.158
25.850
25.333
24.682
24.261
23.458
23.440
22.808
22.185
21.393
21.448
21.400
21.258
21.562
21.273
20.853
20.629
22.944
24.676
24.342
23.897
24.850
25.268
24.881
24.302
23.977
23.800
24.065
23.787
23.792
23.347
22.960
22.745
22.423
22.377
22.685
23.291
23.107
22.754
22.586
22.780
22.600
22.508
22.210
22.476
22.562
22.800
24.136
23.821
23.750
23.855
24.257
24.465
24.181
24.521
24.203
24.173
23.947
23.649
24.026
23.734
23.663
23.519
23.439
23.458
23.250
23.094
22.907
22.736
22.875
22.787
22.689
22.978
24.185
24.194
24.053
24.274
24.344
24.175
24.010
24.152
24.000
23.772
23.549
23.874
23.942
23.724
23.698
23.776
23.630
23.945
23.809
23.604
23.446
23.549
23.456
23.270
23.259
23.103
22.966
22.773
22.592
22.529
22.344
22.528
22.427
22.496
22.722
22.575
22.633
22.543
22.408
22.458
22.311
22.331
22.985
22.874
22.897
22.781
22.616
22.554
22.400
22.340
22.641
22.566
22.562
22.497
22.342
22.197
22.047
22.262
22.200
22.285
22.230
22.157
22.032
21.968
21.968
21.866
21.766
21.830
21.762
21.752
21.691
21.742
21.634
21.521
21.392
21.269
21.232
21.107
21.053
20.930
20.895
20.861
20.810
21.211
21.091
21.373
21.376
21.307
21.328
21.392
21.401
21.284
21.228
21.124
21.043
21.000
20.963
20.894
20.958
21.089
21.083
21.021
21.376
21.282
21.184
21.284
21.338
21.312
21.250
21.325
20.895
20.810
20.975
21.160
21.320
21.130
21.180
21.115
21.360
21.230
21.195
21.235
21.255
21.320
21.065
20.960
20.855
20.930
20.985
21.130
21.125
21.395
21.695
21.730
21.785
21.845
21.960
21.850
21.880
21.835
22.020
22.040
22.170
22.475
21.970
21.650
21.785
21.800
21.600
21.425
21.460
21.490
21.460
21.465
21.370
21.335
21.380
21.645
21.800
21.960
21.930
22.015
21.840
21.630
21.570
21.560
21.890
22.280
22.220
22.330
22.350
22.570
22.485
22.355
21.970
21.960
22.080
22.290
22.065
21.995
21.985
21.950
22.065
22.185
22.475
22.510
22.275
22.515
22.590
22.630
22.595
22.530
22.580
22.740
22.705
22.735
22.670
22.895
22.845
22.635
22.085
21.990
22.025
21.820
21.765
22.120
22.320
22.630
22.585
22.670
22.935
22.705
22.595
22.640
22.770
22.825
22.880
22.590
23.095
23.425
23.415
23.275
23.380
23.560
23.490
23.875
24.065
24.215
24.345
24.325
24.780
24.585
24.580
24.520
24.845
25.075
25.455
25.630
25.685
25.835
26.205
26.275
25.845
25.920
25.840
26.280
26.340
26.295
26.620
26.800
26.625
26.600
26.550
26.690
26.700
26.805
26.975
26.770
27.405
27.320
27.335
27.355
27.390
27.430
27.345
27.455
27.510
27.385
27.370
27.280
27.285
27.175
27.200
27.260
27.280
27.345
27.495
27.500
27.555
27.575
27.800
27.815
27.775
27.350
27.380
27.195
27.210
27.175
27.110
26.950
27.315
27.415
27.415
27.605
27.715
27.665
27.725
27.690
27.620
27.420
27.385
27.460
27.045
27.130
27.240
27.265
27.130
27.130
27.190
27.470
27.525
27.710
27.645
27.530
27.480
27.415
27.395
27.200
27.245
27.295
27.735
27.880
27.920
27.970
27.925
28.165
28.800
28.620
28.640
28.625
28.905
28.600
28.500
28.370
28.760
28.920
29.015
29.270
29.300
29.325
29.080
29.500
29.335
29.200
29.410
29.315
29.375
29.490
29.445
29.510
29.615
29.670
29.710
30.620
30.600
30.685
30.560
30.435
30.280
30.095
30.225
30.050
30.245
30.425
30.485
30.780
30.845
30.545
30.705
30.525
30.670
30.440
30.395
30.430
30.565
30.790
30.900
30.590
30.855
30.830
30.830
30.885
31.200
31.050
30.780
30.755
30.735
30.605
30.715
30.885
31.235
31.250
31.380
31.300
31.315
31.475
31.375
31.315
31.660
31.650
31.570
31.650
31.625
31.615
31.630
31.415
31.495
30.995
31.130
31.265
31.045
31.025
31.130
31.155
31.145
31.350
31.335
31.375
31.030
30.835
30.910
31.340
31.405
31.235
31.360
30.980
30.815
30.665
30.705
30.650
30.330
30.415
30.520
30.445
30.210
30.090
29.720
29.885
29.860
29.655
29.615
29.530
29.480
29.390
29.430
29.030
29.180
29.230
28.910
28.855
28.760
28.760
28.865
28.680
28.725
29.035
28.870
29.070
28.700
28.830
28.815
28.755
28.725
28.840
29.505
29.600
29.540
29.580
29.770
29.855
30.045
30.140
30.325
30.280
30.425
30.385
30.225
30.490
30.835
30.975
30.680
30.705
31.045
31.045
31.095
30.935
30.810
30.885
30.860
30.920
30.625
30.835
31.050
31.225
31.415
31.415
31.910
32.220
32.180
32.260
32.235
32.265
32.335
32.260
32.415
32.300
32.350
32.440
32.405
32.275
32.305
32.315
32.350
32.345
32.405
32.550
32.580
32.685
32.400
32.530
32.200
32.095
32.055
32.075
32.210
32.460
31.900
31.820
31.775
31.815
31.790
31.805
31.700
31.935
31.455
31.520
31.550
31.525
31.540
31.645
31.705
31.220
31.275
31.120
30.925
30.995
30.790
30.655
30.640
30.670
30.615
30.620
30.585
29.615
29.720
29.985
30.050
29.930
30.070
30.330
30.260
30.445
30.280
30.105
30.055
30.235
29.775
29.525
29.375
29.615
29.480
29.320
29.405
29.360
29.115
28.885
28.585
28.530
28.370
28.335
28.350
28.175
27.840
27.835
27.780
27.770
27.825
27.970
27.795
27.570
27.540
27.485
27.345
27.230
27.420
27.820
28.105
28.060
27.770
28.230
28.215
28.195
28.850
29.015
28.945
28.815
28.655
28.730
28.625
28.425
28.525
29.075
29.070
29.195
29.135
28.945
28.920
29.255
29.070
28.940
28.850
28.410
28.430
28.415
28.265
28.305
28.430
29.055
28.905
28.980
28.870
29.095
29.010
29.045
28.900
28.895
29.020
28.695
28.645
28.690
29.340
29.255
29.490
29.765
29.785
30.270
30.075
30.010
30.265
30.275
30.695
30.795
30.935
31.020
31.155
31.700
32.160
31.980
31.860
32.160
32.195
32.610
33.235
33.235
32.650
32.440
32.530
32.465
32.315
32.595
32.360
32.285
32.080
32.100
31.950
32.235
32.195
32.000
31.570
31.670
31.735
31.775
31.475
31.575
31.635
31.960
32.205
32.150
32.160
32.235
32.185
32.700
32.585
32.280
32.045
32.125
31.540
31.955
32.045
31.955
31.930
31.855
31.785
31.935
31.870
32.410
32.340
32.230
32.515
32.415
32.370
32.400
32.270
32.330
32.300
32.155
32.125
32.125
32.210
32.055
32.120
32.005
31.960
32.005
32.310
31.875
31.830
32.205
32.245
32.010
31.740
31.945
32.025
31.845
31.870
31.590
31.890
32.005
31.970
31.800
31.770
31.770
31.840
31.805
31.855
31.980
32.325
32.305
32.295
32.330
32.235
32.175
32.195
32.350
32.330
32.065
32.455
32.700
32.550
32.265
32.505
32.715
32.930
32.890
33.035
32.930
33.085
33.245
33.365
33.185
33.175
33.355
33.310
33.325
33.340
33.765
34.415
34.515
34.575
34.530
34.540
34.640
34.770
35.120
35.325
35.550
35.710
36.005
36.075
36.165
35.945
35.965
35.935
36.090
36.070
36.215
36.915
37.235
37.190
37.035
37.850
37.890
37.175
37.285
37.305
37.400
37.270
37.405
37.665
37.845
37.730
37.160
37.245
38.040
37.905
37.710
37.660
37.385
37.495
37.720
38.060
38.240
38.140
38.165
38.385
38.355
38.820
38.310
38.465
39.055
39.315
39.350
39.480
39.520
39.320
39.365
39.170
39.250
39.255
39.340
39.160
39.210
38.965
38.790
38.715
38.575
38.660
38.950
38.710
38.600
38.160
38.565
38.320
38.535
38.375
37.430
37.075
36.990
36.795
36.365
36.305
36.325
36.015
35.825
36.095
36.190
36.085
36.135
36.100
35.900
36.225
36.200
36.355
36.690
36.705
37.070
37.050
37.030
37.030
37.020
37.150
37.070
37.015
37.015
36.935
36.620
37.370
37.380
37.420
37.395
37.395
36.610
37.440
37.660
37.820
37.730
37.695
37.460
37.415
37.580
37.910
37.955
37.955
38.540
38.355
37.730
37.790
37.955
37.845
38.035
38.070
38.465
38.455
38.740
38.595
38.870
38.825
38.985
38.985
39.015
38.960
39.865
40.440
40.205
39.745
39.705
39.735
39.380
39.515
40.045
40.210
40.030
39.920
39.925
40.040
41.000
40.535
40.230
40.545
40.650
40.725
40.735
40.740
40.730
40.655
40.710
40.350
40.370
40.925
40.825
40.795
40.880
40.860
40.795
40.990
41.050
40.875
40.665
41.650
42.045
41.745
41.340
41.150
41.305
41.190
41.810
42.020
42.165
42.230
42.225
42.435
42.230
42.360
42.515
42.450
42.440
41.935
41.850
41.835
41.890
41.875
42.070
41.855
41.565
41.395
41.890
41.800
41.960
42.155
42.080
42.090
42.430
42.510
42.500
42.475
41.815
40.825
40.470
40.665
40.630
40.190
40.170
40.795
40.725
40.815
40.810
40.785
40.740
40.520
40.660
41.295
41.510
41.670
41.165
41.140
41.290
41.480
41.510
41.515
41.455
41.165
40.985
40.870
41.835
41.610
42.305
41.895
41.860
41.845
41.390
41.215
40.975
40.785
41.650
42.205
42.440
42.380
42.385
42.850
43.005
42.280
42.245
42.375
42.375
42.365
42.585
42.555
42.340
42.370
42.465
42.575
42.290
42.375
42.245
42.435
42.620
42.755
42.935
43.045
43.220
43.380
43.235
43.155
43.285
43.145
43.380
43.635
43.675
43.765
43.635
43.405
43.395
43.630
43.645
44.325
43.700
43.715
43.680
44.290
44.055
44.485
44.520
44.895
45.335
45.815
45.915
44.945
45.150
45.375
45.640
45.690
45.805
45.410
45.490
45.235
45.275
45.300
45.125
45.250
45.170
45.395
45.285
45.285
44.800
44.775
44.975
45.580
45.375
45.145
44.835
44.820
44.515
44.675
44.325
44.300
44.055
44.450
44.235
44.165
44.280
44.480
43.575
42.995
42.975
42.970
43.125
43.095
43.330
43.515
43.015
43.180
43.155
43.155
43.110
43.080
42.330
42.400
42.715
42.605
42.530
42.485
42.500
42.645
43.035
43.040
42.955
43.040
43.010
42.430
42.675
42.710
42.790
43.320
43.505
43.425
43.645
43.395
43.460
42.660
42.435
42.590
42.910
42.840
42.715
42.820
41.955
42.570
42.445
42.580
42.510
42.685
42.725
42.665
42.520
43.050
42.750
42.700
42.960
43.230
43.205
43.580
43.255
43.320
43.505
43.485
42.960
43.220
42.615
42.360
42.455
42.460
42.160
42.270
42.580
42.590
42.480
42.535
42.380
43.110
42.885
42.485
42.815
42.400
42.185
42.030
42.025
42.190
42.030
42.340
42.055
41.495
41.455
41.065
40.685
40.760
40.590
40.535
40.870
40.765
41.135
41.250
41.485
41.490
40.630
40.635
40.200
40.250
40.255
40.265
40.075
39.975
39.955
40.420
39.530
39.060
38.745
38.755
38.805
38.535
38.720
38.700
38.710
38.895
39.045
39.405
38.955
38.905
38.860
38.975
38.865
38.795
38.740
38.990
39.100
39.015
38.820
38.685
38.630
38.680
38.575
38.420
38.135
38.055
38.145
37.960
37.840
37.925
38.050
38.150
38.155
38.520
38.565
38.215
37.820
37.240
37.215
37.600
37.840
38.060
38.215
37.680
37.635
37.770
37.310
37.675
38.550
38.680
38.760
38.525
38.205
38.235
38.215
38.090
37.975
38.905
39.640
39.660
39.870
39.755
40.315
39.935
40.310
40.410
40.975
41.250
41.095
40.700
41.675
41.755
41.950
41.945
42.100
42.065
42.125
42.255
42.585
42.290
42.175
42.285
42.715
42.325
43.060
43.130
43.290
43.280
43.185
43.230
43.070
42.860
43.065
43.280
43.385
43.405
43.440
44.060
43.985
43.920
43.910
44.255
44.225
44.670
44.830
44.615
44.310
44.730
44.700
44.590
44.705
44.950
45.220
45.230
45.110
44.680
44.625
44.535
44.265
44.220
44.205
44.160
44.040
44.155
44.150
44.210
44.230
44.110
44.790
43.860
43.805
43.580
43.695
43.440
43.415
43.370
43.315
43.400
43.305
43.530
43.495
43.095
43.275
43.875
44.785
44.710
44.830
44.825
44.635
44.650
44.590
45.475
45.530
45.395
45.420
45.425
44.975
44.840
45.095
45.145
45.765
45.450
45.455
45.745
45.485
45.540
46.150
46.280
46.195
46.040
46.315
45.980
46.040
45.965
46.445
47.070
47.135
47.975
48.030
47.915
47.720
47.765
47.535
47.725
48.460
48.470
48.735
48.755
49.450
49.405
49.365
49.325
49.330
49.470
49.565
49.210
49.180
49.295
49.295
49.280
49.765
50.040
49.520
49.965
50.210
49.935
49.670
49.315
49.155
49.315
49.395
49.250
49.600
49.955
50.280
49.950
49.715
49.755
50.195
50.240
50.140
50.420
50.540
50.495
50.500
50.905
50.815
51.155
50.925
50.715
50.920
50.710
50.800
50.660
50.610
50.925
51.140
51.245
51.270
50.910
50.910
50.465
50.820
51.005
51.570
51.290
51.860
51.105
50.250
50.155
49.915
50.050
50.140
50.275
50.570
50.385
50.160
49.380
48.665
48.995
48.475
48.680
48.415
48.265
47.940
47.855
47.145
47.050
47.440
47.215
46.335
46.570
46.340
46.465
46.355
46.545
46.395
46.745
46.900
46.870
46.920
46.785
46.230
46.265
46.005
46.080
45.890
46.030
46.410
46.390
46.335
46.235
46.265
45.705
45.610
45.645
45.650
45.020
44.865
44.900
44.555
44.050
44.165
44.560
44.385
44.485
44.380
44.085
44.080
44.090
44.195
44.170
43.820
44.065
44.305
44.725
44.805
44.730
44.785
44.765
44.785
44.725
44.695
44.550
44.310
44.250
44.425
44.415
43.625
43.760
43.625
43.565
43.515
43.430
43.460
43.535
43.640
43.120
43.255
43.050
43.160
43.690
43.640
43.325
42.365
42.420
42.010
42.010
42.135
41.805
41.850
40.995
40.865
40.870
41.050
40.940
40.970
41.860
41.645
41.920
41.400
40.920
41.020
41.090
41.390
41.560
41.060
41.925
41.950
42.335
42.475
42.460
42.340
42.635
41.990
41.390
41.560
41.220
41.390
41.440
41.185
41.405
41.470
41.160
40.380
41.065
40.665
40.750
39.810
39.605
39.720
39.730
39.970
39.840
39.635
39.595
39.555
39.435
40.180
40.475
39.825
39.480
39.495
39.310
39.095
39.010
39.540
39.525
39.565
39.500
39.400
39.480
39.170
38.825
38.350
38.310
38.255
38.450
38.205
38.180
38.405
37.955
37.985
38.005
38.030
37.980
37.870
37.560
37.850
37.775
37.405
37.530
37.450
37.145
37.380
37.015
36.955
37.060
37.395
37.400
37.620
37.600
37.405
37.290
36.670
36.445
36.005
36.055
36.835
36.790
37.000
37.305
37.375
37.255
37.395
37.255
37.430
37.280
37.630
37.515
37.585
37.415
37.030
37.385
37.590
37.550
37.465
37.485
37.430
37.590
37.895
37.625
37.885
37.790
37.630
37.640
37.715
38.205
37.770
37.815
38.315
38.620
38.830
39.185
38.715
38.600
38.700
38.700
38.350
38.335
38.660
38.600
38.465
38.570
38.570
38.565
38.945
39.475
39.590
39.585
39.700
39.860
39.765
39.005
39.070
38.970
39.305
39.275
39.425
39.845
40.035
39.935
39.710
39.790
39.485
39.075
39.015
39.280
39.305
39.435
40.005
39.925
40.155
40.305
40.430
41.275
41.020
41.010
41.115
41.010
41.080
41.255
41.275
41.260
41.635
41.520
41.505
41.615
41.855
41.745
41.400
40.935
41.515
41.315
41.355
41.665
41.700
41.760
41.645
41.680
41.680
41.630
41.885
41.965
41.835
41.720
42.060
41.580
41.635
42.245
42.330
42.285
42.115
41.770
41.535
41.265
41.255
40.775
41.005
40.700
40.630
40.840
40.920
40.775
40.865
41.090
41.210
40.710
41.170
41.130
41.155
40.905
40.640
40.600
40.475
39.830
40.075
40.395
41.335
41.450
41.745
41.735
41.975
42.090
42.215
42.245
42.365
42.725
42.065
41.940
41.975
42.375
42.405
42.150
42.735
42.800
42.585
42.825
42.855
42.820
43.100
43.065
43.375
43.470
43.590
43.950
43.955
43.750
43.725
43.895
43.885
43.920
43.695
43.715
43.770
43.330
43.445
43.475
43.580
44.100
44.340
44.225
44.595
44.595
44.380
44.415
44.435
44.120
43.885
43.860
43.505
43.125
42.825
43.000
43.120
43.695
43.610
43.505
42.645
42.895
42.815
42.450
42.475
42.245
41.795
41.665
41.470
41.665
41.305
41.400
41.485
41.560
42.310
41.930
41.830
42.565
42.530
42.400
42.060
42.160
42.735
42.920
42.645
42.725
42.630
42.565
42.580
41.765
41.735
41.750
41.500
41.200
41.570
41.355
41.785
41.940
41.965
42.220
42.160
42.800
42.465
42.625
42.735
43.090
43.660
43.845
44.330
44.320
44.410
44.355
44.465
44.970
45.030
45.790
45.720
45.885
45.630
45.550
46.035
45.865
45.515
46.375
46.450
46.095
46.380
46.325
46.125
46.385
46.350
46.375
45.770
46.100
45.850
45.635
45.455
44.615
44.630
44.780
44.690
44.760
45.030
45.180
45.300
45.435
45.370
45.495
45.495
45.385
45.205
45.420
45.660
45.615
45.040
45.145
45.110
44.740
44.675
44.650
45.100
45.295
45.250
45.655
45.655
45.585
45.725
45.785
45.525
45.375
45.345
44.395
44.400
44.705
45.495
45.480
45.395
45.320
45.490
44.975
44.730
44.685
44.385
44.575
44.590
44.785
44.705
44.870
44.405
44.330
43.875
43.930
44.000
44.070
44.075
44.070
44.360
44.430
44.305
43.950
43.640
43.600
43.235
43.240
43.055
42.930
43.290
43.545
43.495
43.245
43.190
43.010
43.320
43.075
43.115
43.125
42.625
42.615
42.540
42.545
42.885
43.180
42.920
42.915
43.145
43.555
43.430
43.110
43.105
43.125
42.955
42.880
42.650
42.720
42.815
42.810
43.075
43.530
43.430
44.315
43.935
43.730
44.425
44.590
44.585
44.750
44.770
44.740
44.570
44.645
44.605
44.795
44.920
44.975
44.955
44.620
45.050
44.955
44.905
44.890
45.090
44.870
44.685
44.590
44.645
45.015
44.945
45.335
45.560
45.445
45.545
45.360
45.245
45.520
44.865
44.940
45.105
44.400
44.445
44.405
44.665
44.450
43.575
43.795
44.035
44.115
43.990
43.830
43.765
43.845
43.865
43.925
43.650
43.780
43.195
43.015
43.555
43.385
43.585
43.335
43.475
42.955
43.060
42.920
43.040
42.630
42.240
41.920
41.030
40.465
40.495
40.710
40.545
40.115
40.065
39.125
39.550
39.410
39.545
39.630
39.360
39.135
39.110
38.140
38.090
38.670
38.520
39.435
39.410
38.795
38.665
38.640
38.605
38.730
38.725
38.795
38.915
39.115
39.415
39.365
39.700
39.680
39.985
39.730
39.700
39.605
39.530
39.785
39.720
39.755
39.700
39.570
39.345
40.030
39.950
39.735
39.770
39.780
39.875
40.025
39.645
39.345
39.660
39.190
38.865
39.305
39.270
39.275
39.345
39.070
39.000
39.005
38.990
39.175
39.275
39.355
39.310
39.405
39.380
39.720
39.700
39.760
39.735
39.470
39.480
39.525
39.550
39.530
39.665
39.720
39.760
39.695
39.720
39.705
40.025
40.230
39.855
39.905
39.865
40.090
39.680
39.565
39.760
39.665
39.385
39.410
38.930
38.695
38.635
38.550
38.520
38.515
38.260
38.005
37.935
38.005
38.135
38.200
38.095
38.060
37.795
37.455
37.465
37.555
37.855
37.345
37.350
37.410
37.460
37.580
37.620
37.395
37.655
37.725
37.580
37.665
37.420
36.880
37.040
36.045
36.340
36.360
36.180
36.000
36.085
36.320
36.585
36.985
37.065
37.090
37.560
37.475
37.655
37.880
37.925
38.125
37.710
37.295
37.245
37.165
36.985
36.940
37.460
37.770
37.530
37.240
37.230
37.080
36.895
36.890
36.735
36.560
36.605
36.555
36.660
36.865
36.615
36.620
36.660
36.665
36.415
36.335
36.295
35.880
36.100
35.970
36.160
36.455
36.990
36.765
36.700
36.640
36.655
36.825
37.120
37.125
36.275
36.300
36.015
35.930
35.795
35.720
35.905
36.130
35.840
35.785
35.630
36.090
36.460
36.410
36.370
36.240
36.240
35.825
35.935
35.895
36.000
36.350
36.615
36.740
36.620
36.590
36.710
36.710
37.335
37.730
37.705
36.750
36.745
36.780
36.945
36.920
36.950
37.375
37.730
37.605
37.545
37.345
37.380
38.100
38.725
38.800
38.385
38.840
38.730
39.080
38.975
38.640
39.000
38.930
38.795
38.685
38.715
37.975
38.865
38.670
38.730
38.990
38.900
38.940
38.930
39.185
38.855
39.080
39.670
39.350
39.200
39.200
39.265
39.450
39.525
39.960
39.910
39.535
38.670
38.635
38.745
38.590
38.440
38.350
39.305
39.495
39.610
39.580
39.650
39.295
39.550
39.540
39.775
39.785
39.715
39.820
39.695
40.175
40.200
40.035
40.510
41.290
41.220
41.195
41.140
41.310
41.025
40.995
41.060
41.065
41.290
41.255
41.410
41.315
41.315
41.330
41.315
41.510
42.450
42.350
42.215
42.345
42.280
42.325
42.245
42.470
42.660
42.770
41.810
41.775
41.750
41.720
41.805
41.815
42.760
42.795
42.820
42.835
43.140
43.060
43.020
43.135
43.325
43.585
43.320
42.970
42.375
42.515
42.105
41.740
41.475
41.230
41.335
41.245
40.780
40.735
40.435
40.390
40.335
40.195
40.055
39.980
40.825
40.845
40.960
41.120
41.105
41.015
40.970
41.235
41.540
42.060
43.005
43.030
43.245
43.795
43.885
43.820
43.685
43.410
43.380
43.360
43.400
43.565
43.495
44.005
44.170
44.135
43.680
43.635
43.560
43.205
42.660
42.765
42.840
43.045
43.005
43.000
43.060
43.410
43.275
43.510
43.550
43.455
43.450
43.470
43.535
43.330
43.260
43.415
43.390
42.990
42.790
43.780
43.615
43.475
44.040
44.285
44.750
44.825
44.310
43.955
43.720
43.490
43.260
43.500
43.345
43.580
42.975
42.025
42.070
42.085
42.225
42.190
42.375
42.495
42.940
42.265
42.180
42.240
42.450
42.440
42.095
42.260
41.380
41.630
42.120
41.750
41.745
41.415
41.250
41.210
40.915
41.440
41.525
41.565
41.525
42.010
41.225
41.140
41.270
41.995
42.005
41.850
42.280
42.055
42.090
41.895
41.305
41.260
41.210
41.425
41.240
41.190
41.390
40.980
40.905
40.780
40.940
41.100
41.525
41.755
41.810
41.665
40.830
40.570
40.490
40.465
40.295
40.320
40.055
39.825
39.710
39.745
39.600
39.475
39.565
39.220
38.765
38.740
38.365
37.965
38.130
37.910
37.865
38.340
38.545
38.885
38.850
38.910
38.700
38.765
38.735
38.765
39.000
39.015
38.965
38.755
37.945
38.055
38.005
37.740
37.695
37.785
37.715
37.525
37.730
37.505
37.515
37.490
37.615
38.075
38.470
38.220
37.250
37.255
37.370
37.455
37.135
37.435
38.005
38.035
37.655
37.420
37.410
37.405
37.475
37.330
37.615
37.590
37.625
37.950
37.785
38.270
38.825
39.105
39.100
39.305
39.410
39.435
39.895
40.085
39.290
39.725
39.780
39.930
39.415
39.260
39.530
39.300
38.995
38.425
37.940
38.210
37.995
37.760
37.810
37.490
37.735
37.770
37.790
37.810
37.990
37.925
38.630
38.355
38.125
39.105
39.745
39.830
40.175
40.135
40.205
40.105
40.090
39.730
39.800
39.755
39.410
39.040
39.045
38.995
38.945
39.175
39.180
39.140
39.025
39.120
39.190
39.105
39.260
39.285
39.700
39.155
39.135
39.155
38.525
38.530
38.170
38.645
38.750
38.900
39.020
39.090
39.315
39.090
39.220
39.360
39.895
40.080
40.040
40.185
40.555
40.580
40.270
40.465
39.970
39.850
39.580
39.710
39.455
39.790
40.175
39.290
39.235
38.910
38.235
38.465
38.470
38.545
38.575
38.575
38.475
37.940
37.920
38.010
38.590
38.095
38.140
38.290
38.130
37.135
37.125
37.415
36.950
37.110
37.210
37.255
37.305
37.450
37.425
37.505
37.475
37.415
37.245
37.285
37.300
37.570
38.375
38.620
38.260
38.020
37.965
38.170
38.515
38.620
38.805
38.855
38.855
38.885
38.850
38.795
38.785
38.700
38.900
38.910
39.210
39.335
39.340
39.830
39.750
39.170
39.050
39.230
39.150
38.765
38.995
39.290
39.225
40.060
40.340
41.180
41.225
41.420
41.095
41.055
41.035
41.030
41.445
41.570
41.540
41.965
42.035
42.175
42.275
42.225
42.180
42.140
42.135
42.135
42.040
41.555
41.145
41.220
41.205
41.245
40.850
40.610
40.650
40.940
40.340
40.485
40.655
40.695
40.750
40.715
40.640
40.705
40.465
40.620
40.540
40.255
40.315
40.015
39.485
39.550
39.520
39.065
39.195
39.120
38.785
38.735
38.855
38.585
38.395
38.130
38.195
38.085
37.840
37.845
37.855
37.810
37.425
37.130
37.260
36.995
36.795
36.865
36.560
36.835
36.880
37.000
36.765
36.800
36.190
36.215
36.315
35.650
35.010
34.970
34.590
34.695
34.930
34.995
35.115
35.340
35.285
35.115
35.205
35.355
35.420
35.190
35.395
35.370
35.740
35.725
35.665
35.600
35.800
36.120
35.915
36.120
35.760
35.310
35.335
35.370
35.925
35.850
36.055
35.715
35.620
35.800
35.770
36.085
35.720
35.780
35.670
35.325
34.750
34.585
34.480
35.275
34.825
34.880
34.845
34.475
34.450
34.360
34.605
34.410
34.500
34.675
34.375
34.580
34.575
34.465
34.630
34.420
34.785
34.695
34.670
34.715
34.735
34.810
35.240
35.215
34.845
35.015
34.840
34.800
34.795
35.170
35.180
35.220
35.215
35.020
35.245
35.165
35.305
35.225
35.205
35.330
35.460
35.660
35.610
35.515
35.530
36.150
35.335
35.140
34.935
34.940
35.010
34.750
34.320
34.235
34.030
34.260
35.065
34.955
35.030
35.180
35.055
35.225
35.105
35.535
35.385
35.060
35.070
34.610
34.635
34.845
35.050
34.850
35.160
34.925
34.545
33.915
34.095
33.675
33.690
32.950
32.845
33.295
33.330
33.385
33.385
33.485
33.880
33.800
33.770
33.515
33.850
33.825
33.850
34.625
34.525
34.545
34.595
34.615
34.605
35.080
35.005
35.090
35.155
35.415
36.025
36.065
36.345
35.770
35.905
35.710
35.575
35.545
35.590
36.030
35.850
35.925
36.145
36.275
36.290
36.195
36.585
36.580
36.500
36.390
36.305
36.465
36.245
36.505
36.500
36.475
36.445
36.320
36.300
36.740
36.670
37.445
37.470
37.710
37.735
37.720
37.820
37.800
37.765
37.760
37.730
37.650
37.685
37.435
37.825
37.795
37.760
37.750
37.760
37.550
37.520
37.250
37.885
37.830
37.745
37.885
37.710
37.860
37.740
37.720
37.865
38.145
38.225
38.145
38.125
38.250
38.275
38.160
37.775
37.890
37.720
37.685
37.675
37.350
37.450
37.375
37.525
37.885
37.865
38.005
37.790
37.670
37.600
37.550
37.565
37.295
36.995
36.675
36.665
37.035
37.585
38.525
38.615
38.565
38.685
37.840
38.020
37.950
37.915
38.310
38.360
38.475
38.240
38.245
38.290
38.050
38.415
38.315
38.285
38.495
38.400
38.635
38.390
38.460
38.520
38.460
38.440
38.315
37.960
37.855
37.655
37.520
38.070
37.965
38.040
37.705
37.765
37.380
37.525
37.945
38.015
38.835
38.645
38.860
39.080
38.770
38.825
38.855
38.875
39.300
39.255
38.965
38.855
38.710
38.775
38.750
38.835
38.865
38.820
38.920
38.925
38.930
38.765
38.910
38.820
38.960
38.875
38.725
38.990
38.915
38.710
38.680
38.725
38.695
38.950
38.825
38.565
38.795
38.410
38.475
38.505
38.610
38.630
38.150
37.850
37.680
37.665
37.000
37.010
37.105
37.270
37.260
36.560
36.445
36.405
36.630
37.185
36.850
37.115
36.340
36.460
36.515
36.475
36.485
36.560
36.245
36.450
36.250
36.285
36.290
35.795
35.785
35.515
35.475
35.480
35.630
35.975
35.950
35.875
35.595
35.590
35.460
35.105
34.835
35.225
35.180
34.710
34.710
34.715
34.625
34.740
34.765
34.885
34.855
34.840
35.165
35.305
35.345
36.230
35.935
35.970
36.040
36.790
36.615
36.740
36.620
36.605
36.825
36.735
36.695
36.770
37.685
38.155
38.940
38.620
38.580
38.865
38.825
39.145
39.160
40.045
40.000
39.610
40.010
40.305
40.085
40.055
40.035
40.260
40.140
40.005
39.745
39.595
39.540
39.845
39.735
39.480
39.605
39.765
39.785
39.805
39.815
39.665
39.760
39.885
39.675
39.485
39.170
39.220
39.255
38.975
38.965
38.795
39.455
39.470
39.490
39.535
39.470
40.065
39.765
39.580
38.670
38.915
39.225
39.245
39.380
39.165
39.695
39.700
39.290
39.265
39.160
39.310
39.310
39.240
39.160
39.105
39.025
39.010
38.790
39.285
38.905
38.760
38.905
38.830
38.850
39.065
39.100
38.990
39.340
39.340
39.315
39.065
39.015
39.335
39.755
39.680
39.825
39.800
39.435
39.030
38.280
38.430
38.250
38.170
38.020
37.795
37.505
37.630
37.225
37.275
36.695
36.725
36.760
36.700
36.865
36.740
36.905
37.130
37.085
37.480
37.170
36.540
36.765
36.815
36.560
36.575
36.560
36.245
35.900
36.240
36.365
36.375
36.730
36.445
36.670
37.665
37.525
37.735
37.650
37.685
37.575
37.535
37.510
37.625
37.595
37.610
37.610
37.590
37.550
37.525
37.465
37.400
37.415
37.440
37.360
36.380
36.340
36.325
36.445
36.575
36.505
36.570
36.900
36.800
36.760
36.530
36.590
36.625
36.615
36.525
36.610
36.930
37.545
37.410
37.265
37.195
37.825
37.840
37.720
37.795
38.340
38.435
38.535
38.160
38.540
38.700
39.020
39.095
38.920
39.015
38.995
38.885
38.705
38.730
38.500
38.230
38.200
37.785
37.875
38.440
37.990
37.305
37.140
37.075
37.385
37.445
37.215
37.210
37.310
37.445
37.010
36.860
36.075
35.960
36.260
36.025
35.930
35.635
35.560
34.750
34.905
35.005
34.570
34.505
34.505
34.395
34.655
34.610
34.820
34.825
34.940
35.060
35.435
35.175
35.465
35.545
35.390
35.215
35.030
34.980
34.970
35.310
35.315
35.455
36.010
35.955
36.085
36.220
36.130
36.115
36.135
36.135
35.555
35.855
35.700
35.700
35.800
35.315
35.305
34.950
35.005
35.015
34.770
34.705
34.555
34.495
34.405
34.450
34.710
34.675
35.640
35.495
35.490
35.530
35.480
35.210
35.295
35.975
36.105
35.665
35.590
35.595
35.480
35.520
35.575
35.560
35.700
36.420
36.260
36.520
36.730
36.875
36.965
36.510
36.055
36.215
36.430
36.340
36.740
36.820
36.830
37.015
36.995
37.135
37.200
37.640
37.785
37.785
38.105
38.095
38.000
38.685
38.655
38.750
38.860
38.760
38.575
38.405
38.350
38.070
38.090
38.265
38.045
38.990
39.380
39.485
39.610
39.750
39.780
39.580
39.465
39.480
39.140
39.185
38.990
38.020
37.940
37.790
37.945
38.010
38.095
37.960
37.950
37.960
37.990
38.180
38.200
38.385
38.295
38.285
38.255
38.130
38.140
38.550
38.320
38.930
39.180
39.010
38.995
38.480
38.480
38.415
38.615
38.930
38.905
39.070
39.090
39.160
38.825
39.780
39.770
39.725
39.105
39.460
39.890
39.895
39.345
39.535
39.545
39.740
39.225
39.140
39.270
39.350
38.905
39.030
38.680
38.775
38.805
38.665
38.520
38.605
38.565
38.935
38.765
38.790
38.885
38.380
38.295
37.940
37.600
38.060
38.255
38.190
37.890
37.885
37.930
37.950
38.130
37.960
37.525
37.200
37.355
37.370
37.225
37.335
37.645
38.240
38.245
38.205
38.130
37.945
38.030
37.790
38.065
38.400
37.950
37.755
37.640
37.620
37.775
37.610
37.410
37.355
37.130
37.135
37.120
37.110
37.250
37.385
37.385
37.540
37.370
37.180
36.650
36.620
36.670
37.115
37.095
37.290
37.770
37.640
37.580
37.310
37.350
37.610
37.915
37.800
38.215
39.070
38.990
39.395
39.670
39.680
39.900
39.935
39.585
39.630
39.455
39.510
39.185
39.295
39.350
39.765
39.655
39.605
39.420
38.805
38.680
38.845
38.850
38.810
38.725
38.725
38.870
38.955
38.875
38.140
38.245
38.040
38.480
38.040
38.185
38.375
38.525
38.375
38.035
38.165
37.915
38.025
38.045
37.775
37.645
37.415
38.070
37.645
37.690
37.740
37.400
37.405
37.705
37.040
36.950
37.315
37.080
37.105
37.215
37.885
38.820
38.680
38.795
38.895
38.805
38.155
37.925
38.010
37.920
37.780
37.895
38.030
38.200
38.295
38.565
38.520
38.395
38.370
38.495
38.515
38.640
38.815
38.740
38.765
39.230
39.180
39.625
39.375
39.915
40.035
40.190
40.015
40.100
40.060
40.085
39.850
40.150
39.640
39.655
39.795
39.690
39.710
39.830
39.960
39.575
39.335
39.175
39.170
39.085
38.975
39.130
38.180
39.030
38.730
38.715
38.580
38.050
37.710
37.780
37.945
37.980
37.935
38.080
38.260
38.205
38.170
38.195
37.925
37.865
37.695
37.645
37.675
37.775
37.845
37.880
37.570
38.155
38.190
38.100
38.095
37.985
37.770
38.245
37.670
37.595
37.565
37.620
37.445
37.565
37.655
37.525
37.585
37.690
37.930
37.745
37.775
37.600
37.585
37.610
36.930
37.000
37.035
37.090
36.990
36.900
37.195
36.945
36.675
36.700
36.765
36.865
37.200
36.935
36.970
36.890
36.940
36.855
36.830
37.780
38.010
37.970
37.880
38.055
37.535
37.620
37.520
37.540
37.520
37.670
37.565
37.470
37.535
36.990
37.015
37.050
36.950
37.040
37.135
36.835
37.105
36.555
36.485
36.585
35.940
35.615
35.735
35.495
35.495
35.450
35.400
35.620
35.700
35.475
35.350
35.300
34.755
34.745
34.665
34.665
34.755
34.820
34.595
34.865
34.980
34.885
34.905
34.955
35.110
35.240
35.285
35.075
35.020
34.525
34.670
34.395
34.375
34.320
34.325
34.375
34.190
34.070
33.915
33.995
33.970
34.065
34.080
33.445
34.335
34.305
34.225
34.345
34.755
35.090
35.440
35.635
35.330
35.460
35.445
35.410
34.815
33.950
33.950
33.730
33.605
34.035
33.750
33.455
33.345
33.645
33.610
34.415
34.110
34.165
34.135
33.845
33.830
34.410
34.510
34.345
34.460
34.315
34.000
34.150
34.110
33.705
33.980
33.545
33.625
33.090
33.265
33.310
33.550
34.000
34.085
34.935
35.000
35.610
35.600
35.615
35.775
35.770
35.895
35.800
35.660
35.500
35.630
35.935
35.820
36.135
36.210
36.070
36.095
35.370
35.650
36.115
35.965
35.975
36.065
35.905
35.730
35.815
35.885
35.705
35.560
36.320
36.530
36.675
36.720
36.730
36.975
37.105
37.990
38.020
38.065
38.150
38.080
37.800
37.970
37.925
37.935
37.920
37.885
37.930
38.120
38.080
38.545
38.525
38.770
38.585
38.575
38.610
38.800
38.840
38.560
38.725
38.715
38.975
38.900
39.065
39.060
39.080
38.970
38.945
38.905
38.955
39.230
39.620
39.860
39.815
39.815
39.630
39.300
39.375
39.435
39.330
39.325
39.425
39.625
39.625
39.440
39.600
39.595
39.395
39.410
39.875
39.800
40.390
40.665
40.325
40.120
40.165
40.210
40.545
41.435
41.330
41.915
41.925
41.520
41.635
41.640
41.900
41.285
41.405
41.620
41.745
42.310
42.680
42.655
42.710
42.710
42.430
42.380
42.100
42.195
42.425
42.525
43.075
43.075
43.495
43.730
44.140
44.175
43.945
43.885
43.975
43.985
43.945
44.490
44.495
44.675
45.225
45.270
45.095
45.000
45.155
45.050
44.980
44.995
44.995
45.055
45.040
45.175
44.990
45.015
44.900
45.650
46.255
46.030
46.005
45.855
45.870
45.440
44.900
44.720
44.605
44.535
44.585
44.975
45.145
45.115
45.450
45.890
45.975
45.900
45.495
45.500
45.835
45.945
45.785
46.005
45.380
45.375
45.235
45.250
45.290
45.315
44.800
44.735
44.725
44.875
45.345
45.320
45.565
45.825
46.025
45.780
45.785
45.730
45.825
45.340
46.115
46.060
45.665
45.920
44.960
45.065
44.070
44.380
44.115
43.610
43.710
43.705
43.875
43.975
44.390
44.165
43.895
43.845
43.610
43.895
43.920
43.910
43.805
44.475
44.520
44.645
44.710
45.020
45.140
45.385
45.315
45.200
46.175
46.320
45.425
45.260
45.400
45.355
45.280
45.535
45.430
44.495
44.750
44.735
44.835
44.975
44.755
44.605
45.085
45.220
45.155
45.935
45.550
45.580
45.610
45.115
45.285
45.025
45.395
45.395
45.475
45.185
44.955
44.995
45.045
45.300
44.965
44.875
44.520
44.470
44.705
44.860
44.795
45.055
45.440
45.005
44.870
44.760
44.745
44.905
44.865
44.950
44.895
44.775
44.895
44.875
44.940
44.725
43.865
43.840
43.620
43.820
43.820
43.945
43.515
44.495
43.975
43.610
43.630
43.325
43.285
43.000
42.685
41.995
42.010
41.420
42.270
42.570
42.560
42.410
42.355
42.205
41.935
41.635
41.505
41.030
40.560
41.495
41.455
41.620
41.625
41.535
41.405
41.375
41.260
41.700
41.160
41.385
41.085
40.720
40.345
40.275
40.250
40.325
40.215
40.145
40.220
39.315
39.415
39.275
38.655
38.880
38.885
38.780
38.865
38.860
39.065
39.035
39.075
39.125
39.145
39.285
39.330
39.255
39.550
38.785
38.125
37.480
37.745
37.735
37.805
38.370
38.420
38.400
38.415
38.370
38.175
37.845
37.565
37.455
37.305
37.100
37.925
38.055
38.315
38.815
38.480
38.305
38.535
38.485
38.585
38.860
38.915
38.885
38.925
38.915
39.145
39.145
39.460
40.090
39.880
39.900
40.230
40.245
40.095
40.200
40.290
40.360
40.415
40.430
39.490
39.390
39.725
39.675
39.700
39.680
39.710
39.355
39.340
39.370
39.695
39.670
39.560
39.700
39.635
39.745
40.055
40.225
40.185
39.735
39.975
40.095
40.250
39.320
38.960
38.775
38.830
38.515
38.530
38.170
38.155
38.240
37.500
37.400
37.365
37.310
37.085
37.160
37.280
36.735
37.670
37.855
37.575
37.505
37.565
37.530
37.720
37.770
37.300
37.460
37.685
37.100
37.150
37.330
37.300
37.415
37.290
37.220
37.515
37.420
37.235
37.275
37.500
38.015
38.020
37.925
38.470
38.595
38.540
38.695
38.400
38.310
38.450
38.190
37.765
37.635
37.350
37.225
37.290
37.060
37.155
37.225
37.285
37.425
37.405
37.495
37.550
37.570
37.460
38.060
38.020
37.880
37.875
37.980
38.060
37.210
37.150
37.175
37.315
37.375
37.430
37.450
37.510
37.310
37.250
38.245
37.815
37.550
37.495
37.375
37.200
37.540
37.675
37.740
38.200
37.925
38.415
37.570
37.650
37.735
37.700
37.800
37.835
37.785
37.960
37.530
38.095
37.955
38.005
38.435
38.325
38.390
38.580
38.960
39.040
39.365
39.240
39.165
38.935
38.825
39.265
39.585
39.820
39.965
40.060
40.055
40.500
40.790
41.240
41.515
41.425
41.110
41.055
41.925
41.780
42.140
42.075
42.155
41.745
41.790
41.975
41.350
41.430
41.215
41.130
41.090
41.940
41.865
41.855
41.865
41.560
41.340
41.425
41.245
40.895
40.380
40.395
40.435
40.215
40.245
39.895
39.695
39.770
39.635
39.545
39.695
39.460
39.465
39.540
39.155
38.765
38.750
38.070
37.965
37.920
38.610
38.600
39.235
39.155
39.200
39.235
39.505
39.405
39.265
39.350
39.005
39.050
39.160
39.185
39.140
38.735
38.610
38.965
38.755
38.800
38.830
38.720
38.530
38.575
38.655
38.730
38.810
39.380
39.380
39.685
40.260
40.145
40.440
40.595
41.110
41.165
41.050
41.210
41.200
41.385
41.435
41.495
41.715
41.635
41.715
40.905
40.945
41.050
40.940
40.985
41.120
40.830
40.805
40.790
40.585
40.485
40.420
40.345
39.960
40.020
40.080
40.000
40.010
39.320
39.500
39.415
39.545
39.395
39.270
39.025
39.755
39.405
39.500
39.785
39.650
39.650
39.565
39.395
39.370
39.370
39.475
39.775
39.700
40.030
40.015
39.960
39.890
39.705
39.655
39.725
39.675
39.475
39.530
39.560
39.515
39.685
39.605
39.650
39.400
39.710
39.700
39.965
39.945
39.920
39.855
39.850
40.465
40.445
40.345
40.685
39.910
39.425
39.380
39.405
39.405
39.705
39.540
39.400
39.410
39.280
39.675
39.405
39.525
39.965
39.870
40.000
40.260
40.245
40.280
40.315
40.305
39.950
39.910
39.925
40.265
40.405
40.510
40.430
40.060
40.025
39.915
39.785
39.905
39.945
40.095
39.800
39.245
39.060
38.905
38.600
38.575
38.175
38.360
37.790
37.940
38.030
38.105
38.380
37.645
37.450
37.220
37.430
37.700
37.830
37.865
37.500
37.510
37.295
37.455
37.660
37.800
37.000
37.180
37.200
37.255
37.280
37.275
36.530
36.610
36.730
36.760
37.070
37.600
37.405
37.295
37.305
37.335
37.385
37.760
38.015
38.055
38.045
38.685
38.320
37.730
37.785
37.940
38.485
38.445
38.440
37.630
37.530
36.835
36.785
37.380
37.990
37.895
37.675
37.640
37.680
37.755
37.925
38.135
38.105
38.215
39.065
39.140
38.865
38.860
38.435
39.290
39.060
39.090
39.085
39.050
38.795
38.785
37.930
38.145
37.875
37.370
37.375
37.045
36.810
36.175
36.160
35.995
36.050
36.225
36.035
35.905
36.365
36.065
36.100
36.010
35.880
36.425
36.380
36.985
36.735
36.395
36.425
36.700
36.840
36.835
36.900
36.935
36.840
36.815
37.090
37.000
37.265
37.470
37.960
38.440
38.485
38.515
38.620
38.590
38.955
38.505
39.120
38.970
38.745
38.830
38.850
39.125
39.295
39.325
39.565
39.815
39.575
39.620
39.290
39.290
39.210
39.290
39.825
39.910
40.055
40.455
41.250
41.120
41.265
40.985
40.920
40.995
41.915
42.000
41.490
41.445
41.255
41.330
41.200
41.365
41.455
41.290
41.255
41.250
40.970
41.605
41.810
42.270
42.090
42.100
41.765
41.835
41.860
41.865
41.640
41.220
41.165
41.060
40.495
41.290
41.340
41.165
41.225
41.405
41.450
41.400
41.175
41.335
42.095
41.615
41.720
41.550
41.880
42.430
42.410
42.410
42.455
42.325
42.425
42.320
42.345
42.410
42.385
42.820
42.955
42.990
42.885
42.425
42.445
41.940
41.875
41.895
41.700
41.695
41.770
41.880
41.795
41.705
41.595
41.550
41.785
41.835
41.875
42.045
41.820
41.595
41.515
41.780
42.285
42.280
42.435
43.105
43.055
42.945
43.140
44.055
44.235
43.755
44.030
43.890
44.200
44.780
44.750
44.525
44.480
44.380
44.510
43.970
43.945
44.125
44.385
44.585
44.110
43.975
43.930
44.185
44.365
44.560
44.930
44.260
43.640
44.060
44.070
43.925
44.020
44.080
43.865
43.555
44.270
44.200
43.550
43.575
43.540
43.605
43.910
42.915
43.545
43.965
43.885
44.415
44.555
44.330
44.510
44.490
44.405
44.505
44.565
44.970
45.205
45.580
45.560
45.625
45.220
45.315
45.420
45.440
44.845
44.845
44.815
44.825
44.965
44.720
44.595
44.220
44.520
44.785
45.115
44.700
44.645
44.810
44.815
44.745
44.910
45.125
44.800
45.310
45.080
45.020
44.550
43.905
44.050
44.145
44.315
44.040
43.805
43.300
42.590
42.600
42.640
42.535
42.550
42.715
42.570
42.530
42.295
42.175
42.275
42.695
42.630
42.810
43.300
43.305
43.160
43.220
42.960
42.700
41.965
42.010
41.990
41.825
41.825
41.795
41.345
41.235
41.520
41.640
41.585
41.845
41.830
41.650
41.560
41.040
41.185
41.680
41.940
41.145
40.965
40.545
40.705
41.280
41.455
41.475
41.535
41.475
41.470
41.560
41.470
41.405
41.380
40.410
40.770
40.620
40.925
40.890
41.020
41.305
41.490
41.360
40.385
40.200
39.985
40.390
40.145
39.560
39.745
39.750
39.830
39.880
39.825
40.145
40.000
39.920
39.920
39.675
39.845
40.000
39.975
40.050
40.840
40.805
40.865
40.755
41.665
41.620
41.645
41.425
41.315
41.605
41.645
41.600
41.505
41.785
41.750
41.370
41.440
41.480
41.495
41.500
41.140
41.075
40.950
40.320
40.155
40.195
40.305
39.340
38.855
38.815
38.875
39.185
38.805
38.145
37.895
37.890
37.745
37.880
38.235
38.135
38.665
38.515
38.270
37.990
38.140
38.180
38.230
38.005
37.950
37.885
37.620
38.305
38.285
38.425
38.425
38.685
38.575
38.680
39.645
40.570
39.795
39.855
39.655
39.680
39.565
39.615
40.050
40.385
39.845
39.480
39.615
39.085
38.860
38.880
38.685
38.515
38.945
38.815
39.115
39.650
39.410
39.395
39.300
39.830
39.785
40.265
40.300
40.445
40.650
40.745
40.655
40.645
40.455
40.090
40.060
39.825
39.695
39.550
39.440
39.760
39.675
39.735
39.640
39.550
39.415
39.265
39.490
39.445
39.380
39.260
39.725
39.725
39.655
39.365
39.050
39.195
39.180
39.160
39.190
39.240
39.100
39.320
39.520
40.050
40.490
40.665
41.625
41.590
41.585
41.130
41.245
41.260
40.855
41.665
41.300
41.080
41.350
41.135
41.385
41.820
41.660
41.715
41.605
41.550
41.155
41.090
41.075
40.965
40.910
40.660
40.955
41.070
41.035
41.140
40.985
40.545
40.410
41.280
41.660
41.705
41.675
42.070
42.045
41.735
41.795
41.820
41.890
42.060
42.125
42.345
42.550
42.565
42.245
42.270
41.870
41.780
42.270
41.930
41.895
42.545
42.705
42.900
42.925
42.520
42.345
42.455
42.550
43.250
43.155
43.160
42.975
42.645
42.660
42.640
42.760
42.600
42.750
42.520
42.450
42.765
42.285
42.505
42.675
42.635
41.985
42.415
42.335
42.480
42.470
42.200
42.320
42.865
42.980
43.460
43.490
43.555
43.490
43.565
43.585
43.230
43.275
43.780
43.715
43.700
44.225
44.285
44.655
44.685
44.775
44.660
44.370
44.405
44.585
44.595
44.760
44.975
44.905
44.950
44.485
44.695
44.235
44.575
44.590
44.515
44.230
44.570
44.600
44.655
44.695
44.685
44.580
43.950
44.095
43.460
43.535
43.270
43.220
43.170
42.630
41.960
42.380
42.430
43.005
42.920
43.235
43.140
42.630
43.290
43.750
43.945
43.840
43.815
43.800
44.060
44.155
44.075
43.570
43.500
43.410
42.470
42.845
42.590
42.605
42.925
42.980
42.250
42.510
42.470
42.360
43.025
43.165
43.355
43.630
43.475
43.580
43.900
43.805
43.715
43.710
43.560
43.590
43.705
43.785
43.900
43.865
44.090
44.160
43.610
43.925
43.975
43.525
43.580
43.460
43.750
43.710
44.290
44.310
45.285
45.530
45.410
45.670
45.575
45.515
45.120
45.620
45.755
44.795
44.630
44.500
44.635
44.580
44.430
44.750
43.790
44.075
45.055
44.735
44.855
45.205
44.745
45.010
44.965
45.085
45.095
45.260
45.285
45.265
45.235
45.390
45.360
45.095
45.455
45.435
46.310
46.825
46.840
46.925
46.040
45.920
45.900
45.860
45.040
45.280
45.335
45.225
45.400
46.200
46.920
46.780
46.510
46.300
46.265
46.045
46.015
46.135
46.235
45.270
45.450
46.280
45.675
45.810
45.735
45.990
46.130
46.160
45.970
46.210
45.535
45.520
45.495
46.005
46.225
46.230
46.285
46.310
46.280
45.945
45.950
45.875
45.525
45.195
45.110
44.860
45.180
44.840
44.545
44.635
44.730
44.755
45.360
45.400
44.880
45.475
44.695
45.110
45.080
45.220
45.225
46.105
46.175
46.165
46.290
46.425
46.545
46.070
46.415
45.735
45.770
45.680
45.770
46.000
46.235
46.040
45.995
46.370
46.170
46.520
46.235
46.330
46.105
46.035
46.055
46.385
46.890
47.230
47.320
47.485
47.475
47.660
47.815
47.790
48.725
48.740
48.735
48.785
48.990
49.250
49.140
48.760
48.435
48.005
47.860
47.305
47.435
47.150
48.095
48.015
47.315
46.890
46.660
46.790
47.115
47.300
47.140
47.540
47.680
47.830
47.800
47.555
47.550
47.250
47.125
47.230
46.450
46.395
46.335
46.475
46.535
46.550
46.255
46.455
46.350
46.085
46.175
46.080
45.885
45.745
46.025
46.750
46.645
46.740
46.505
46.840
47.230
47.365
47.345
46.940
47.120
46.845
46.880
47.320
47.325
48.065
48.170
48.230
47.445
47.355
46.370
46.010
46.010
46.345
46.430
46.250
46.140
45.440
45.260
46.220
46.195
46.370
46.230
46.550
46.595
46.570
46.730
46.450
46.095
46.265
46.215
46.395
46.435
46.760
46.870
46.820
46.850
46.905
47.010
46.860
47.320
47.240
47.465
47.425
47.490
47.895
47.160
46.780
46.790
46.955
46.960
46.840
47.025
46.965
46.845
46.560
46.635
46.595
46.440
45.590
44.745
44.735
44.735
44.770
45.135
45.670
45.710
45.865
46.085
46.685
47.210
46.230
46.165
46.090
45.945
45.695
45.495
45.495
45.675
45.145
44.940
45.225
45.295
44.815
44.995
44.950
45.245
45.310
45.335
45.285
45.435
45.675
45.825
46.100
46.250
46.325
46.110
46.290
46.075
46.070
45.745
45.715
45.780
45.590
45.610
44.775
45.235
45.135
45.620
45.710
46.090
45.285
45.350
45.365
44.755
44.770
44.780
44.765
44.555
44.550
44.620
44.640
44.550
44.450
43.885
44.855
45.140
44.970
45.090
45.290
45.460
45.360
45.530
45.555
45.410
45.050
44.620
44.565
44.100
43.850
43.680
43.345
43.255
43.220
42.410
42.395
42.240
42.085
41.975
41.595
41.685
41.930
41.970
42.000
42.245
42.475
42.525
42.545
41.835
42.675
42.470
42.620
42.570
42.840
42.655
42.790
42.650
42.175
42.035
41.950
41.945
41.935
42.120
42.260
42.860
42.810
42.755
43.180
43.920
43.490
43.565
43.465
43.275
43.010
43.905
44.020
43.915
43.970
43.820
43.930
43.595
42.655
42.915
43.355
43.325
42.835
42.360
42.290
42.620
42.680
43.020
43.960
44.045
43.770
43.735
43.730
43.415
43.840
44.540
44.575
44.855
44.935
44.990
45.055
45.035
45.035
45.540
45.445
45.320
44.605
44.720
44.720
44.920
44.635
44.510
44.470
44.435
44.565
43.965
44.145
44.530
43.690
43.710
43.355
43.310
43.295
43.310
43.860
43.945
43.845
43.825
43.785
43.465
43.515
43.180
42.780
42.615
42.520
42.545
42.055
42.130
42.880
42.825
42.830
43.295
43.735
43.760
44.025
44.040
43.925
44.355
44.525
44.670
44.755
44.385
44.215
44.660
44.400
44.220
43.905
43.335
43.615
43.680
43.700
43.600
44.110
44.430
44.675
45.385
45.380
45.835
45.475
45.405
45.655
45.205
45.325
45.850
46.020
46.860
46.780
46.870
46.830
46.690
46.430
46.215
46.405
46.370
46.425
46.795
46.800
46.800
46.975
46.035
45.985
46.195
46.260
45.770
45.435
45.545
45.395
45.135
45.360
45.765
45.590
46.085
45.965
46.300
46.230
46.095
46.015
45.910
46.060
46.185
46.390
46.400
45.440
45.200
44.900
44.865
44.640
44.535
45.295
45.300
45.415
45.170
45.140
45.120
45.105
45.585
45.850
45.945
45.915
45.845
46.080
46.215
46.490
46.565
46.850
46.855
47.000
47.250
47.810
47.780
48.120
48.045
47.970
48.085
48.245
48.015
47.190
48.020
47.825
47.860
47.470
47.635
47.840
48.065
48.045
48.105
48.020
48.550
48.695
48.580
48.325
47.850
48.130
48.645
48.200
47.475
47.315
47.410
47.580
47.530
47.820
46.945
46.895
46.890
46.815
46.895
46.855
46.885
46.890
46.545
45.995
46.055
46.050
46.285
46.590
46.980
47.080
46.610
45.980
46.005
45.910
46.165
45.630
46.535
46.190
45.995
46.180
46.035
46.015
46.090
45.620
45.530
45.770
45.165
45.185
45.380
45.245
45.210
45.195
44.995
45.610
45.710
45.385
45.490
45.405
45.440
45.325
44.880
45.070
45.295
45.325
45.120
45.070
45.290
44.880
44.970
44.990
44.710
44.925
44.935
44.900
44.855
44.845
44.780
44.965
45.215
45.470
46.285
45.470
45.380
45.595
45.140
44.895
44.845
44.685
44.950
44.950
44.380
44.410
44.485
44.450
45.180
44.810
45.070
45.085
44.905
44.705
44.600
44.330
44.485
44.445
44.600
44.290
44.135
44.030
43.815
43.925
44.425
44.515
44.600
44.845
45.050
45.045
44.530
44.270
43.400
43.410
43.180
43.050
43.980
44.425
44.550
44.420
44.370
44.605
44.240
44.175
44.550
44.505
44.665
44.755
44.520
44.750
45.270
45.305
45.510
45.420
45.310
44.975
44.385
44.360
44.125
44.170
43.805
44.035
44.175
44.415
44.470
44.325
44.415
45.015
45.145
45.140
46.090
46.110
46.700
46.380
46.325
45.625
45.470
45.610
45.740
45.775
45.700
45.780
45.285
45.195
45.085
46.015
45.905
45.790
45.510
45.050
45.945
45.960
45.875
45.780
45.860
45.570
45.710
45.500
45.860
46.050
45.700
46.015
46.465
46.725
45.820
45.900
45.885
45.835
45.510
45.055
45.310
45.665
45.795
45.860
45.635
45.795
45.940
46.150
46.160
46.160
45.775
45.800
46.400
46.400
46.070
45.880
46.150
46.350
46.510
46.780
47.435
47.460
47.435
47.370
47.460
47.515
47.920
48.030
48.540
49.005
49.155
48.825
48.310
49.145
49.145
48.880
48.760
48.870
48.650
48.555
47.730
47.620
47.045
46.825
46.825
47.080
47.215
47.945
47.845
47.620
47.290
47.165
47.505
48.355
48.260
48.075
48.280
47.970
48.005
47.985
47.885
47.845
48.765
48.540
48.610
48.420
49.110
48.900
48.980
49.325
49.255
48.970
49.010
49.320
49.250
49.075
49.580
49.720
49.660
50.140
50.465
50.400
50.290
50.035
49.100
49.000
49.350
49.135
49.300
49.300
49.245
49.430
49.175
49.695
49.725
49.685
49.495
49.745
49.190
49.885
49.195
49.230
49.590
49.495
49.500
49.630
49.370
49.225
49.240
49.315
49.250
49.075
48.605
48.690
47.770
47.885
47.815
47.310
47.120
47.945
47.730
47.605
47.665
47.915
48.135
48.095
47.270
46.980
46.870
46.815
47.150
47.130
47.165
47.300
47.170
47.150
46.940
47.545
47.730
47.485
47.305
47.245
46.700
46.720
47.200
47.665
48.015
48.005
47.825
47.780
47.650
47.450
47.890
48.135
49.015
